126 11.76373644398829832
9.25827068147637533 11.25885000166885064 89.984671434175112
0.50000000000011102 11.26373644398818641 0.000000000000007
2.22341005940057723 11.25334328352024471 0.053985065758386
3.22535482876845458 11.26373644398818641 90.000000000000000
4.22586734369919004 11.25627545839537191 89.992564376665172
5.22750436797119455 11.25914974425893611 0.002084295943333
6.25756767498670374 11.26373644398818641 0.000000000000030
7.25779680201854838 11.26026554021315462 89.992339074920181
8.25801846085009927 11.25956176735053482 89.988123022468145
10.25863994402555690 11.25869421032145290 89.994898691188837
11.25891551669698742 11.25906401765011111 89.994834019683125
1.35033607390174470 10.39460183492665735 32.762389168837558
3.04850344127206219 10.07269727623025979 32.762389168837565
4.24549771106891782 10.25393396109711119 0.016455703502408
5.24690518847764942 10.25793593875581955 0.007165167880534
6.25308788227170353 10.26373644398796436 0.000000000000021
9.25730218460521570 10.25781734990247251 89.993007800990981
10.25808394480326946 10.25818791269100316 89.993317528765004
11.25877210817428420 10.25864350330346753 89.997221481131191
7.25621498933391784 10.25889324287341964 89.980622591214541
8.25664735032386155 10.25792477472376696 89.977918344101070
2.10493996355509161 9.69103916775982377 32.762389168837558
0.50046729107519106 9.50273956352894089 89.996801895909414
3.51214621923132642 9.18189317567421170 32.762389168837558
6.25172657150772260 9.26373644398774232 0.000000000000036
10.25794535442744149 9.25750325971036503 0.006852367703916
5.24965246171280420 9.25580434086564097 89.991590197115627
8.25557915001312992 9.25650414498428731 89.963533254006080
9.25684985637879265 9.25675933292612285 89.989782260904434
11.25860120242688645 9.25829165717367886 0.005116726054263
7.25445317974418558 9.25711207025389982 89.971624883437514
4.31031130145514396 8.50636332735917833 32.762389168837537
2.51174844735717384 8.52393043676150342 89.015641179764785
0.50056022548086698 8.50231541391428181 89.998989027935778
1.50189864500163406 8.50000000000189715 89.999999999999744
5.83480851743706008 8.07269727622981215 32.762389168837537
10.25751142700857699 8.25698698204562120 0.004294003703478
9.25620787806017731 8.25562530130017969 0.010829982009472
11.25966396953086601 8.25804572553622407 0.004828558507544
8.23895208505494381 8.24102988799003278 0.022052497237553
7.23263844130916134 8.23196318321778264 89.995246638034502
4.89124503972008906 7.69103916775937790 32.762389168837558
2.51555828512551471 7.51666960727609546 88.305545312041886
3.51803192033780787 7.51821298846007302 88.178414707807477
0.50000000000011280 7.50198760870497150 89.999999999999915
1.50000000000033840 7.50000000000167333 89.999999999999815
6.42508834325892586 7.26338757959569925 32.762389168837572
10.25900162824001782 7.25652550768207316 0.012992194531573
11.26021131642179185 7.25783528243777276 0.002349248663276
8.24851829961871630 7.24005474326450660 89.993127429490158
9.25541285063867036 7.25472421520760591 0.008239187905489
7.26184501332207510 6.44600394404370114 55.274817091497418
0.50000000000011191 6.50031718754179533 90.000000000000000
1.50000000000033662 6.50000000000144951 89.999999999999872
2.50000000000056000 6.50030399949811333 89.999999999999858
3.50000000000078337 6.50125259081196383 89.999999999999872
4.50000000000100719 6.50000000000145040 89.999999999999872
5.50000000000123013 6.50000000000146105 89.999999999999915
10.26373644398796436 6.25111198108407429 0.000000000000049
9.26373644398774232 6.25354661182933924 0.000000000000058
11.26373644398818641 6.25764607562399089 0.000000000000048
8.06796915886129717 5.85361029663649113 55.274817091497461
6.50157444578529287 5.50120562268079727 89.993170922183467
0.50000000000011102 5.50022606551496729 90.000000000000000
1.50000000000033484 5.50000000000122657 89.999999999999915
2.50000000000055866 5.50019519799884904 89.999999999999915
3.50000000000078204 5.50019584136167605 89.999999999999929
4.50000000000100542 5.50000000000122746 89.999999999999872
5.50076609519068427 5.50000000000123723 89.999999999999915
10.25833839460918995 5.24780149364960469 89.983758704995154
9.24560286414279808 5.25041455237484023 0.126159192427167
11.25946173467870892 5.23206494343962891 89.991886148133617
7.69576728512789465 4.89487491289984611 55.274817091497667
6.50000000000145040 4.50000000000101252 89.999999999999901
0.50000000000011102 4.50015863944582062 90.000000000000000
1.50000000000033484 4.50000000000100364 89.999999999999929
2.50000000000055778 4.50010113566083980 89.999999999999915
3.50000000000078071 4.50000000000100542 89.999999999999915
4.50000000000100364 4.50000000000100364 89.999999999999915
5.50000000000122657 4.50000000000101341 89.999999999999915
8.50308350886082565 4.30420122933626281 55.274817091497702
10.24190807607135234 4.24718455776601278 89.966472099360857
11.25602354049455656 4.22208850754261356 0.005483475832641
9.17724263015226427 3.52140474465940301 55.274817091497702
6.50034010432012188 3.50000000000078781 89.999999999999716
2.50000000000055911 3.50000000000078426 89.999999999999829
7.52254676164935621 3.52280312499592352 1.688729624565100
0.50000000000011102 3.50009114421080580 0.000000000000007
1.50000000000033484 3.50000000000078026 89.999999999999915
3.50000000000078293 3.50000000000078204 89.999999999999858
4.50000000000100986 3.50000000000078071 89.999999999999886
5.50000000000123634 3.50000000000078737 89.999999999999574
10.06796915886174304 3.05107778793186935 55.274817091497702
11.26373644398818641 3.22153847076351818 89.999999999999986
8.52545938818386517 2.51495947151087318 1.211010261757478
2.50000000000055822 2.50000000000055955 89.999999999999915
6.50000000000145395 2.50000000000056311 89.999999999999574
7.51844332435366614 2.51766063623514835 1.965885977251544
0.50000000000011102 2.50000000000055778 89.999999999999972
1.50000000000033484 2.50000000000055778 89.999999999999915
3.50000000000078071 2.50000000000055822 89.999999999999915
4.50000000000100364 2.50000000000055778 89.999999999999929
5.50000000000123013 2.50000000000056311 89.999999999999602
9.69576728512834229 2.09234240419522743 55.274817091497688
11.24451094464938095 2.21887359266315221 89.993943954842734
10.39371716708683202 1.34387189609912028 55.274817091497702
0.50000000000011102 1.50000000000033484 89.999999999999972
1.50000000000033484 1.50000000000033396 89.999999999999957
2.50000000000055733 1.50000000000033484 89.999999999999972
3.50000000000078071 1.50000000000033484 89.999999999999972
4.50000000000100364 1.50000000000033484 89.999999999999972
5.50000000000122746 1.50000000000033662 89.999999999999972
6.50000000000144951 1.50000000000033573 89.999999999999986
7.50000000000167333 1.50047085778826972 0.000000000000018
8.50000000000189715 1.50431703859151966 0.000000000000041
7.50411121567098416 0.50020016148285240 0.001641052682819
0.50003220137661053 0.50000000000011102 89.999999999999986
1.50008967512537783 0.50000000000011102 89.999999999999986
2.50014355382877573 0.50000000000011102 89.999999999999986
3.50019750664399165 0.50000000000011102 89.999999999999986
4.50025624225749965 0.50000000000011102 89.999999999999972
5.50032804878201897 0.50000000000011191 89.999999999999943
6.50372616376588297 0.50000000000011191 90.000000000000000
8.50464595769344456 0.50069344457891773 0.009127066970766
9.50516787975740662 0.50048932342567021 0.008140064641956
11.26373644398818641 0.50000000000011102 90.000000000000000
