126 11.74264068711928514640506617262909423570901562613084421953003921397220
0.5 11.2426406871192851464050661726290942357090156261308442195300392139722 -4.24570820806387028792022820413737019076609184510743323120957283224766e-80
1.500877128514825459999999935414379967744659247307882135469034152933124 11.2426406871192851464050661726290942357090156261308442195300392139722 8.563361637632558185031845494072317724966561365730150778648061484995367e-79
2.501838587360516900000000044024749398574014466832882416288540260905325 11.2426406871192851464050661726290942357090156261308442195300392139722 6.33345959756918985699158985852838041479345520898056937841868046086458e-79
3.50262753146425432 11.24114807686331119 -0.013209101886346
4.50333693875246333000000073590625037533561875325761747799981003591987 11.2426406871192851464050661726290942357090156261308442195300392139722 6.496338432581286432456491684469626427650310854402700742110985900720332e-79
5.504526972537223450000000001716561329760847072235292995294800259786583 11.2426406871192851464050661726290942357090156261308442195300392139722 9.084443853881318762334840534674335004807530396329379453464941494723648e-79
6.505654124695120720000000023022116657970961322408525611458553769480038 11.2426406871192851464050661726290942357090156261308442195300392139722 5.792069295571886946564207763249278383126132402913476922226365645704029e-79
7.506865757203584620000000202150340128315139877712684064191647080641634 11.2426406871192851464050661726290942357090156261308442195300392139722 -1.033574622585939637306950613165012850704284432344776633008498214924998e-78
8.510929865121141799999999963851237879152567398397815580397124714617376 11.2426406871192851464050661726290942357090156261308442195300392139722 -7.869076837609681647094369110559708708366460425059357390721090098716384e-79
9.51444262368488936 11.24052161405279193 -0.02816143567776
11.24247310334046368 11.24252838176670188 -0.002437128078896
10.38294354703414157 10.3816933438621426 -33.968864366849303
0.5 10.2426406871192851464050661726290942357090156261308442195300392139722 7.166115638001850884749015868435991592362005750831533601424601728027407e-79
1.5 10.2426406871192851464050661726290942357090156261308442195300392139722 7.755743096820391474853700927445367098579593850865011384669991891917578e-79
2.501696130204856590000000086888295544663439979787474187686009638389026 10.2426406871192851464050661726290942357090156261308442195300392139722 4.283879832842448603528624246464870047728643751998517808118138320160441e-79
3.50265625814135984 10.23765420491026923 0.002035259209298
4.503531665557727769999999493050868602252639607109704731428820510564095 10.2426406871192851464050661726290942357090156261308442195300392139722 6.303604545306417844014939969663709171687495047627682846516448827783566e-79
5.504530516212339460000000111973569102538185459332574949271808607005902 10.2426406871192851464050661726290942357090156261308442195300392139722 9.044460479695138768417599340056207103778825482793279017681298571080444e-79
6.505662747910107239999999981528874398473000063304122777341464444891526 10.2426406871192851464050661726290942357090156261308442195300392139722 1.158626857014292474340089438299727729292786610508420942620751035863114e-79
7.506855756583711069999997924430448863899200885337086154431803458909412 10.2426406871192851464050661726290942357090156261308442195300392139722 -6.327598419493277495488622538931640514960252134125569040119172776340205e-80
8.507610706703921719999999903255037348200615587790077222961924247845217 10.2426406871192851464050661726290942357090156261308442195300392139722 -7.877320776709852099553741445029561515291812545142470751012706119547198e-79
9.54525959783087075 9.68487492680211837 -28.447165494520334
11.24053012941046603 9.50896793287157749 -0.027742937119811
0.5 9.242640687119285146405066172629094235709015626130844219530039213972197 7.201033304119121857907154939900395335120390180701299243782109919832056e-79
1.5 9.242640687119285146405066172629094235709015626130844219530039213972197 7.269476634286864116930878031468384928989354948227990828370000578313442e-79
2.5 9.242640687119285146405066172629094235709015626130844219530039213972197 5.14875938760944598342664986878710228919604704317269917881365679480756e-79
5.242640687119285146405066172629094235709015626130844219530039213972197 9.242640687119285146405066172629094235709015626130844219530039213972197 -1.454735074093398159167951829182232975037048775058343824038523505093107e-79
6.242640687119285146405066172629094235709015626130844219530039213972197 9.242640687119285146405066172629094235709015626130844219530039213972197 8.175039257108348444446194734214888849906837587565425063705785943687133e-80
7.242640687119285146405066172629094235709015626130844219530039213972197 9.242640687119285146405066172629094235709015626130844219530039213972197 4.57427847132737066833875245923381550079319715590295242755226519335992e-80
8.242640687119285146405066172629094235709015626130844219530039213972197 9.242640687119285146405066172629094235709015626130844219530039213972197 3.270377921991644777360601740817412183610327962593348479352570493847876e-79
3.77770596321664565 9.00715554138623276 44.981396461280042
4.48699769338551813920464322740395538485158775223089137670694512597715 8.291176899666504629204644755749384047281607562342323025764793432971879 45.0
9.242640687119285146405066172629094235709015626130844219530039213972197 8.50811587620471598999999965503115833520363683481389685921606497545695 8.769178297665548835900770418854497130238639030996075480044128659019619e-79
10.2426406871192851464050661726290942357090156261308442195300392139722 8.506915810801441320000000264238837493530511837806108051293267241193859 8.576259934477983480803945383506396181441639269006199135637371104261153e-79
11.2426406871192851464050661726290942357090156261308442195300392139722 8.507548316264639249999999972744811320424516777186176881143357873515365 8.819380492687658945647226146705769673849453921976537035276256910123156e-79
3.164213562373095048801688724209698078569671875376948073176679737990732 8.199747468305832670805910534733943274993851563819318256118379082967564 45.0
0.5 8.242640687119285146405066172629094235709015626130844219530039213972197 7.209424316309711525162557865537955609292355265503178520603421109206069e-79
1.5 8.242640687119285146405066172629094235709015626130844219530039213972197 6.346598122249672285833764358877698008277556851885246139037403665072547e-79
6.242640687119285146405066172629094235709015626130844219530039213972197 8.242640687119285146405066172629094235709015626130844219530039213972197 1.454820479487926512781244210997360827558561995559283558697824892662991e-79
7.242640687119285146405066172629094235709015626130844219530039213972197 8.242640687119285146405066172629094235709015626130844219530039213972197 1.550336228696080329839646765115840230379246957885806751307924538457351e-79
8.242640687119285146405066172629094235709015626130844219530039213972197 8.242640687119285146405066172629094235709015626130844219530039213972197 8.392808179147491833494105285317119953008433791601487060646284272457155e-79
5.19876959430854247420464388807811895106944413711287328404729721470782 7.579404998743480294204644095075220481063751177460341118424441344241209 45.0
2.457106781186547524400844362104849039284835937688474036588339868995366 7.492640687119285146405066172629094235709015626130844219530039213972197 -45.0
3.871320343559642573202533086314547117854507813065422109765019606986099 7.492640687119285146405066172629094235709015626130844219530039213972197 45.0
9.242640687119285146405066172629094235709015626130844219530039213972197 7.506352328211727710000002691683737343395168066268674660982195937740564 3.505005711608511346940511198767209479839753434417352681298517840639452e-79
10.2426406871192851464050661726290942357090156261308442195300392139722 7.506359702580121860000000458498191979386317948793201198621461428491449 2.768028379596647017694462050817775662802976136701987153543993600187784e-79
11.2426406871192851464050661726290942357090156261308442195300392139722 7.506243329623830010000000144838693531532718847683817265388553554660402 3.808758210547428060385690687168016102651630667559543465754452701203587e-79
0.5 7.242640687119285146405066172629094235709015626130844219530039213972197 7.541194971030435447678821031087752803533804568925790781255797927337466e-79
7.242640687119285146405066172629094235709015626130844219530039213972197 7.242640687119285146405066172629094235709015626130844219530039213972197 2.617313743483137290224235105525131681814575130467461993330025965579006e-79
8.242640687119285146405066172629094235709015626130844219530039213972197 7.242640687119285146405066172629094235709015626130844219530039213972197 3.59038784450816338614824586779808460728897662876508320439589268802423e-79
5.92134017162128323 6.87693144208957374 44.623991143338067
1.707106781186547524400844362104849039284835937688474036588339868995366 6.828427124746190097603377448419396157139343750753896146353359475981465 -45.0
3.164213562373095048801688724209698078569671875376948073176679737990732 6.785533905932737622004221810524245196424179688442370182941699344976831 -45.0
4.578427124746190097603377448419396157139343750753896146353359475981465 6.785533905932737622004221810524245196424179688442370182941699344976831 45.0
9.242640687119285146405066172629094235709015626130844219530039213972197 6.505550914428130049999998916644173061180418061261191913409865771802928 4.623928057814345848129288078826109625010990251399524686817173055931913e-79
10.2426406871192851464050661726290942357090156261308442195300392139722 6.505467087570213640000000113166667603158063548728407979299068079897215 4.762956503583251558396436161063779307498137658007677160930076584806997e-79
11.2426406871192851464050661726290942357090156261308442195300392139722 6.505350634152881280000000092735424334483057116717103490004764729084751 4.925930972367569023564730598924997783219811346116979512834878595617087e-79
6.624119347140959524204643866368666839387454669655792583886781700451544 6.154055245911063244204644116784672592745740644917421818584956858497484 45.0
2.414213562373095048801688724209698078569671875376948073176679737990732 6.121320343559642573202533086314547117854507813065422109765019606986099 -45.0
3.874927446096875890402954952529428920169991996548982018815469293926621 6.074820022208956780402955582204514354823859567270336237302909789040943 45.0
5.285533905932737622004221810524245196424179688442370182941699344976831 6.078427124746190097603377448419396157139343750753896146353359475981465 45.0
0.5 6.242640687119285146405066172629094235709015626130844219530039213972197 7.354555806839462252987053237956636988153036263242374856330844513332543e-79
8.242640687119285146405066172629094235709015626130844219530039213972197 6.242640687119285146405066172629094235709015626130844219530039213972197 8.600057612675101145151055213931426980682385611307493316669273308533688e-79
1.542893218813452475599155637895150960715164062311525963411660131004634 5.578427124746190097603377448419396157139343750753896146353359475981465 -45.0
7.334728516555222414204644080837858863634756486904540266826648026829919 5.443446076496800354204643902315480568498438827668674135645090532119109 45.0
3.121320343559642573202533086314547117854507813065422109765019606986099 5.414213562373095048801688724209698078569671875376948073176679737990732 -45.0
5.992640687119285146405066172629094235709015626130844219530039213972197 5.371320343559642573202533086314547117854507813065422109765019606986099 45.0
4.592339257401516940402957398124452850142205720514693512266235314082114 5.357408210904315730402953136609490424851645843304624743852143768885449 -45.0
9.242640687119285146405066172629094235709015626130844219530039213972197 5.504844139483651590000000072954152962175502193150210528611095058346972 3.006401563950117784411494730772070101370398235940275570226471623018551e-79
10.2426406871192851464050661726290942357090156261308442195300392139722 5.504525718530186570000000179250463504786876940010511303076872515420142 6.588608282595800841268757111543993939609941874316639060791483258225112e-79
11.2426406871192851464050661726290942357090156261308442195300392139722 5.50435632011007048000000003275970599797263967140947905835861539280299 7.736016607896072429558544145806570243950073925715347252278139155357916e-79
2.25 4.871320343559642573202533086314547117854507813065422109765019606986099 -45.0
0.71207398401678557 4.8289732593281709 -44.999957002931751
3.828427124746190097603377448419396157139343750753896146353359475981465 4.707106781186547524400844362104849039284835937688474036588339868995366 -45.0
6.699747468305832670805910534733943274993851563819318256118379082967564 4.664213562373095048801688724209698078569671875376948073176679737990732 45.0
5.302740060420131570402958449568754426640911633743390986486891999371987 4.647007407885701100402952085165188848352939930075927269631487083595577 45.0
8.2168428752542706 4.52495319497115922 -2.145536027444479
9.23738749943235149 4.504286216283095 -0.020233994610308
10.23931021595051227 4.50388705726517813 -0.018651706774577
11.24157385284219401 4.50373832844453759 -0.014304757097136
1.519013584328097002200422113904584267230108331642021834013715655187565 4.188093196858450522200422248200264772054727606046452202574624213807802 -45.0
2.957106781186547524400844362104849039284835937688474036588339868995366 4.164213562373095048801688724209698078569671875376948073176679737990732 45.0
4.535533905932737622004221810524245196424179688442370182941699344976831 4.0 45.0
6.01521915197689338040295516871518227417817962913296434587519211393063 3.934528316328939290402955366018761000815671934686353910243186969036934 45.0
2.25 3.457106781186547524400844362104849039284835937688474036588339868995366 45.0
3.664213562373095048801688724209698078569671875376948073176679737990732 3.457106781186547524400844362104849039284835937688474036588339868995366 45.0
0.5 3.5 -1.265151054014940590088740609159564416256925362377067631235017368761415e-79
5.242640687119285146405066172629094235709015626130844219530039213972197 3.292893218813452475599155637895150960715164062311525963411660131004634 -45.0
7.242640687119285146405066172629094235709015626130844219530039213972197 3.5 7.373488384490397184948706447996827112310709239652350952175204257721684e-81
8.242640687119285146405066172629094235709015626130844219530039213972197 3.503754560308854240000000029680311767178078123716537446730135030640843 2.629284421137277380594873844251087380375835214107003124168059789224681e-80
9.242640687119285146405066172629094235709015626130844219530039213972197 3.503416762473946730000000013052130771494464449971991052174027359644909 1.944407774241886222355265449394581638529971514028157182296536503169982e-79
10.2426406871192851464050661726290942357090156261308442195300392139722 3.503195438582014539999999977463782465227187631249554258881631226179305 6.926570722110333573847464137160765913012100882864732710569499676945033e-81
11.2426406871192851464050661726290942357090156261308442195300392139722 3.50314551489553771999999986632587068450284503535095507035718136042179 1.306680847162488926213889864571295646128046721270152062226713692639866e-79
2.922624464471370397200420695617873657614516865344437021686844951953023 2.715517683284822872799576333513024618329680927655962985098505082957657 45.0
4.371320343559642573202533086314547117854507813065422109765019606986099 2.75 -45.0
6.242640687119285146405066172629094235709015626130844219530039213972197 2.585786437626904951198311275790301921430328124623051926823320262009268 -4.318283482409774027579336345180546227610752184970529254760593055545485e-79
0.5 2.5 -1.947401492565850129686201275097671418526302611177868702548805694237866e-80
1.5 2.5 -6.212015248249453464695440355310599701718694186689558660452407121315455e-80
7.242640687119285146405066172629094235709015626130844219530039213972197 2.5 6.37217519045509504137548124049245403390608205888710465344244576630718e-80
8.242640687119285146405066172629094235709015626130844219530039213972197 2.50252045850493721000000005660332963989838647566324730388611007346882 9.765065850332239088588986428917983912777136058329518979818553521083169e-80
9.242640687119285146405066172629094235709015626130844219530039213972197 2.502369337189468630000000058137459180542227132831442182597156353821406 -7.384840653895162370882915246813669105488644468727937785149577715539368e-79
10.2426406871192851464050661726290942357090156261308442195300392139722 2.502238672776961879999999997548647205094927452524534749494605443190814 -7.599151709635060869141966096840734788734002388350160536709274127805993e-79
11.2426406871192851464050661726290942357090156261308442195300392139722 2.502191519881184599999999993238332429282955537600597994310682800664237 -7.590096495911897514976030499611589005450681878834803950535666384962679e-79
3.664213562373095048801688724209698078569671875376948073176679737990732 2.042893218813452475599155637895150960715164062311525963411660131004634 45.0
5.078427124746190097603377448419396157139343750753896146353359475981465 2.042893218813452475599155637895150960715164062311525963411660131004634 -45.0
4.371320343559642573202533086314547117854507813065422109765019606986099 1.335786437626904951198311275790301921430328124623051926823320262009268 -45.0
0.5 1.5 -1.625533794153358154116401709193536283146254932234542600193094600766755e-79
1.5 1.5 -1.113894974674047597199824104199353825698898038745816359175891555513534e-79
2.5 1.5 -1.11923251618698398763000118936568321458752798738575224509669786918358e-79
6.242640687119285146405066172629094235709015626130844219530039213972197 1.5 -5.77875478622452776602175046437865200289605004488031024978490868470219e-80
7.242640687119285146405066172629094235709015626130844219530039213972197 1.5 1.529251973577404029033947177693640312377272032149060246392938362945202e-79
8.242640687119285146405066172629094235709015626130844219530039213972197 1.501476689461535229999999496501836065162719747808915288141954210524058 1.940849842485606161543898051609519376762932804763402249704670241718216e-79
9.242640687119285146405066172629094235709015626130844219530039213972197 1.501303071829010350000000094328461241611567044986862805135526633442919 7.957530203745152752454593593264970754581400838842300527869580998711285e-80
10.2426406871192851464050661726290942357090156261308442195300392139722 1.501246191183570390000000039143829279328271276545572332174980208007762 1.48158887234144334292221112823823969805325476791813603170736691901914e-79
11.2426406871192851464050661726290942357090156261308442195300392139722 1.501223211663957889999999972573594613841403049379642415491600274524009 1.420891445421615064819519644134632020779495474554342066139045691211461e-79
0.5 0.5 -1.748327416558372038896726011020543144510444244242277802891485077021169e-80
1.5 0.5 7.253165376407135135047438576794677130576352932336142596773470089096827e-81
2.5 0.5 -1.027995680483773888417036069168174516576802069529040199666710650421533e-79
3.5 0.5 -9.675025749834202950374548290668882735774984264098561753949943813014847e-80
5.242640687119285146405066172629094235709015626130844219530039213972197 0.5 -2.832458547245718078335070073632053008421438986118108953615045753120264e-80
6.242640687119285146405066172629094235709015626130844219530039213972197 0.5 2.777353091832666256103206995934232595050812175330329029686559320381167e-80
7.242640687119285146405066172629094235709015626130844219530039213972197 0.5 1.246986460181544732252395581263920574268074853271255457433978916689547e-79
8.242640687119285146405066172629094235709015626130844219530039213972197 0.5003102965498609200000000729263396908944099282523274206589016310095589 6.218934979131180285416709608771123836180029306455884445273349024518673e-80
9.242640687119285146405066172629094235709015626130844219530039213972197 0.5002274860279358699999999884760994979013909940090876617826970567883115 8.840892235510188916958628915698881125899066765047612563752034797628746e-80
10.2426406871192851464050661726290942357090156261308442195300392139722 0.5002136577018596600000000110445824425953183776365676020881283709499518 8.727225293383692739542312422638129319218750259377692959355102142831969e-80
11.2426406871192851464050661726290942357090156261308442195300392139722 0.5002736892324426399999997886998271797523063878791222772948789857298621 1.089693599653536197534652605805088066992291079303789701074409137266688e-79
