126 11.77330360660565489
0.50000000000010925 11.27330360660555186 0.000000000000003
1.50000000000032774 11.27330360660555186 89.999999999999986
2.50000000000054534 11.27330360660555186 89.999999999999986
3.50000000000076472 11.27330360660554831 0.000000000000329
5.19597843572893847 11.27330360660555186 0.000000000000043
6.20570815837593770 11.27330360660555186 0.000000000000000
7.22777163090376540 11.27330360660555186 89.999999999999986
8.27254287336872096 11.27330360660555186 89.999999999999972
9.27263364000546630 11.27330360660555186 89.999999999999929
10.27316398117515206 11.27330360660555186 89.999999999999929
11.27323523712431097 11.27330360660555186 89.999999999999943
4.22313894613699503 10.29079309494449035 4.961172834422531
0.56590381823091551 10.27330360660534581 90.000000000000000
1.81675981467654157 10.27330360660534581 0.000000000000000
3.01227459367380979 10.27304000644279469 0.000645415838449
5.26450603168184994 10.27330360660534581 89.999999999999858
6.27330360660452691 10.27330360660534581 89.999999999999943
7.27330360660473207 10.27330360660534581 89.999999999999929
8.27330360660493724 10.27330360660534581 89.999999999999929
9.27330360660513975 10.27330360660534581 89.999999999999901
10.27330360660534581 10.27330360660534581 89.999999999999929
11.27330360660555186 10.27330360660534581 89.999999999999943
3.81098504841366337 9.18496099809808442 66.368301525479694
4.90275783806514820 9.16704431025198474 66.368301525479708
2.67788826510368283 9.14225212990024616 65.097555740264426
0.50000000000010214 9.27330360660513975 0.000000000000000
1.50000000000030642 9.27330360660513975 0.000000000000028
6.02356225270746748 9.11803591261335455 66.368301525479694
7.12302833528908508 9.12302833528949364 68.128225723762071
8.27330360660493724 9.27330360660513975 89.999999999999886
9.27330360660514330 9.27330360660514330 89.999999999999929
10.27330360660534581 9.27330360660514330 89.999999999999929
11.27330360660555186 9.27330360660513620 0.000000000000014
3.41690849006587527 8.26585359132294784 66.368301525479652
4.50190189576807320 8.25090321111630409 66.368301525479680
5.58014212398481746 8.22051869911475563 66.368301525479708
2.28222998581165193 8.19066509903380080 65.282406529640198
6.73113329757899592 8.20278180108087973 68.128225723762071
7.83521250909638933 8.20044801488432640 66.368301525479751
0.50001198516877388 8.27330360660493014 89.999999999999929
10.27330360660534581 8.27330360660493724 89.999999999999915
11.27330360660555186 8.27330360660493014 89.999999999999986
9.04102806636172041 8.11480508588866201 66.368301525479637
1.73528223480613075 7.32245520934297023 62.649487202117626
2.99422063136813454 7.34534140245575173 64.871831103374845
4.10104595347099288 7.33476211198062522 66.368301525479637
5.17928618168773536 7.30437759997907587 66.368301525479708
6.28695175032616049 7.30352439432195943 68.128225723762057
7.43682291909073712 7.28322776759914348 66.368301525479708
8.51531190415222561 7.25329635850841559 66.368301525479652
9.73870372265900386 7.21869706411577994 60.560722457762090
0.50000000000010303 7.27330360660472408 89.999999999999929
11.27330360660555186 7.27330360660472142 89.999999999999986
2.57946575958739288 6.43534265549063367 64.871831103374149
3.68204773099819427 6.42655913593767991 66.368301525479282
10.42311706638683688 6.39680614637894340 60.560722457760889
1.35061893392907795 6.37653812490459959 60.678328365746367
4.77843023939065592 6.38823650084339789 66.368301525479680
5.88590662953884980 6.38695093489999000 68.128225723762071
6.99340279036808532 6.38571055410054367 66.368301525479694
8.11441357441146316 6.33717380592489654 66.368301525479680
9.22704430710256318 6.32863421307823248 63.698184316932071
2.03534880220409997 5.55361630620736335 60.678328365746800
3.26726915902642245 5.51650985916731962 66.368301525479254
9.95760090917484320 5.48172345695967067 63.698184316925889
4.35943201691785820 5.48003352480045791 66.368301525479708
5.48486150875153822 5.47037747547801967 68.128225723762128
6.59254684807100499 5.46956945496486568 66.368301525479694
7.67099344568880959 5.43965659242629673 66.368301525479680
8.80323972224544349 5.42262487267353510 63.698184316932121
0.50000000000010658 5.50000000000116440 89.999999999999773
11.27330360660555186 5.50000000000112710 0.000000000000000
2.73355984665882401 4.65849852071719894 66.368301525479282
9.50673214588755755 4.58909113382850187 63.698184316932100
3.94465344494610370 4.56998424803008874 66.368301525479694
5.06543019994004862 4.56118469698366269 68.128225723762100
6.19169090577392645 4.55342835582918681 66.368301525479723
7.27013750339173015 4.52351549329061875 66.368301525479723
8.35321926955006866 4.50419613318853340 66.368301525479680
0.50000000000010392 4.50000000000095390 89.999999999999901
1.50000000000031175 4.50000000000094413 89.999999999999801
11.12381330465095175 4.50000000000092193 89.999999999999972
9.08288466586872190 3.63025275179735196 65.315898898778954
4.65027527131656893 3.65027527131636331 68.128225723762071
5.77269268330112961 3.64522537978624595 66.368301525479737
6.86928156109465160 3.60737439415493943 66.368301525479737
7.95238918393238947 3.58804372050781684 66.368301525479723
0.50000000000010214 3.50000000000073719 0.000000000000000
1.50000000000030642 3.50000000000073541 89.999999999999986
2.50000000000051115 3.50000000000071632 89.999999999999986
3.50000000000071543 3.50000000000071632 89.999999999999986
10.27330360660534581 3.50000000000071632 89.999999999999972
11.27330360660555186 3.50000000000071720 89.999999999999986
8.75170102277919426 2.50022572491484274 89.999680813548025
7.54142582676121798 2.48216497874893793 4.836985878425278
6.50907288062060907 2.49541180829252696 1.049343018780274
0.50000000000010214 2.50000000000052625 0.000000000000021
1.50000000000030642 2.50000000000052669 0.000000000000042
2.50000000000051248 2.50000000000051159 89.999999999999972
3.50000000000071720 2.50000000000051159 0.000000000000014
4.50000000000092193 2.50000000000051070 89.999999999999986
5.50000000000112621 2.50000000000051203 0.000000000000028
10.02139738874543085 2.50000000000051203 89.999999999999986
11.27329179269483816 2.50000000000051159 0.000000000000057
6.51226009486053492 1.49530245329881684 1.049343018780280
0.50000000000010214 1.50000000000031530 0.000000000000009
1.50000000000030731 1.50000000000031708 0.000000000000021
2.50000000000051203 1.50000000000030731 0.000000000000000
3.50000000000071676 1.50000000000030731 0.000000000000000
4.50103697731188124 1.50000000000030642 89.999999999999986
5.50147223004674490 1.50000000000030731 0.000000000000000
8.27330360660491948 1.50000000000030909 0.000000000000321
9.27330360660512909 1.50000000000030731 89.999999999999943
10.27330360660533870 1.50000000000030642 89.999999999999972
11.27330360660554831 1.50000000000030731 0.000000000000057
0.50000000000010303 0.50000000000010392 0.000000000000089
1.50000000000030997 0.50000000000010569 0.000000000000330
2.50009841560896007 0.50000000000010214 0.000000000000000
3.50069039434200224 0.50000000000010214 0.000000000000014
4.50144943003897247 0.50000000000010214 0.000000000000000
5.50178433194487759 0.50000000000010214 0.000000000000000
7.27330360660469122 0.50000000000010392 0.000000000000160
8.27330360660490172 0.50000000000010392 0.000000000000172
9.27330360660511488 0.50000000000010214 89.999999999999986
10.27330360660533870 0.50000000000010214 89.999999999999986
11.27330360660554831 0.50000000000010214 0.000000000000000
