126 11.76373644398566917621569296590869428153901203611405465657070991571978
9.25827068147637533 11.25885000166885064 -0.015328565824888
0.5 11.26373644398566917621569296590869428153901203611405465657070991571978 8.949909282224241689354151441710000247644430014140087551554642629662047e-79
2.22341005940057723 11.25334328352024471 0.053985065758386
3.225354828768454580000000020220082722625029123639270391886339458730578 11.26373644398566917621569296590869428153901203611405465657070991571978 0.0
4.22586734369919004 11.25627545839537191 -0.007435623334828
5.22750436797119455 11.25914974425893611 0.002084295943333
6.257567674986703740000000012268364797997502761718265483577127681216358 11.26373644398566917621569296590869428153901203611405465657070991571978 -5.823246769977002425677509846085674928162602599612725817542222600176316e-79
7.25779680201854838 11.26026554021315462 -0.007660925079819
8.25801846085009927 11.25956176735053482 -0.011876977531855
10.2586399440255569 11.2586942103214529 -0.005101308811163
11.25891551669698742 11.25906401765011111 -0.005165980316875
1.35033607390271183908146892671762990361703514357971925096267460171763 10.39460184909329818815118981966459124779296166565387179145103971028796 32.7623963662036013969108068739244155937276249075107163119355831716157
3.048503442158083897491567558244950024225559576217591038262157831361614 10.07269725740006748105199676118902950176424491529950423358140074515907 32.7623963662036013969108068739244155937276249075107163119355831716157
4.24549771106891782 10.25393396109711119 0.016455703502408
5.24690518847764942 10.25793593875581955 0.007165167880534
6.253087882271703530000000023880397322850690352586477298792711410872796 10.26373644398566917621569296590869428153901203611405465657070991571978 -5.065410398652088745811002372434533389640019980532298258540302312339512e-74
9.2573021846052157 10.25781734990247251 -0.006992199009019
10.25808394480326946 10.25818791269100316 -0.006682471234996
11.2587721081742842 10.25864350330346753 -0.002778518868809
7.25621498933391784 10.25889324287341964 -0.019377408785459
8.25664735032386155 10.25792477472376696 -0.02208165589893
2.104939911875533896413568758128774031985602656783667675496630834111525 9.691039186585601695163696204719664779774767120814550422989309170560714 32.7623963662036013969108068739244155937276249075107163119355831716157
0.50046729107519106 9.50273956352894089 -0.003198104090586
3.512146219232031904859633452644798836470798751321080770246913945739431 9.181893142505083503955252954212368492448609476337614166109995378518464 32.7623963662036013969108068739244155937276249075107163119355831716157
6.251726571507722600000000005376875929986266515540271428923579465210276 9.263736443985669176215692965908694281539012036114054656570709915719781 -2.027639290294115053208508510650534999625806702690966053007053383554653e-73
10.25794535442744149 9.25750325971036503 0.006852367703916
5.2496524617128042 9.25580434086564097 -0.008409802884373
8.25557915001312992 9.25650414498428731 -0.03646674599392
9.25684985637879265 9.25675933292612285 -0.010217739095566
11.25860120242688645 9.25829165717367886 0.005116726054263
7.25445317974418558 9.25711207025389982 -0.028375116562486
4.310311301455725752389841557581677661731350521921505988329990161129385 8.506363339845136399458786938992320301447116515949383332118267748611637 32.7623963662036013969108068739244155937276249075107163119355831716157
2.51174844735717384 8.52393043676150342 -0.984358820235215
0.50056022548086698 8.50231541391428181 -0.001010972064222
1.501898645001634059999999993941548247902640813874944362956835741587946 8.5 4.320122856826797216876607955176277365955811900113578909828454491993433e-73
5.834808568875016437563850150174226215625420122376379462267681067626494 8.072697257400067481051996761189029501764244915299504233581400745159067 32.7623963662036013969108068739244155937276249075107163119355831716157
10.25751142700857699 8.2569869820456212 0.004294003703478
9.25620787806017731 8.25562530130017969 0.010829982009472
11.25966396953086601 8.25804572553622407 0.004828558507544
8.23895208505494381 8.24102988799003278 0.022052497237553
7.23263844130916134 8.23196318321778264 -0.004753361965498
4.891245038592466436485851350058050223385463202942456099502154070376405 7.691039186585601695163696204719664779774767120814550422989309170560714 32.7623963662036013969108068739244155937276249075107163119355831716157
2.51555828512551471 7.51666960727609546 -1.694454687958114
3.51803192033780787 7.51821298846007302 -1.821585292192523
0.5 7.501987608704971499999999995802524103491511577546243247343831208853608 2.536618674564731501110750832139396707253108720263682759070160977271528e-73
1.5 7.5 2.517051138002910953051386327805445748057996547398239859515025071863903e-73
6.425088363821727962353599754596459903539546528579465393141971731835552 7.263387549623472186364439448129581507037173148734363481814479207346549 32.7623963662036013969108068739244155937276249075107163119355831716157
10.25900162824001782 7.25652550768207316 0.012992194531573
11.26021131642179185 7.25783528243777276 0.002349248663276
8.2485182996187163 7.2400547432645066 -0.006872570509842
9.25541285063867036 7.25472421520760591 0.008239187905489
7.261845016866200318790918159085996065194818867341795914818150442394443 6.446003944044007650197665527543022062810182577042539605562352625491879 -34.7251825500099700903058523899235919548369644621817767053021456302347
0.5 6.500317187541795329999999981225624092111005084656927584306299476626063 -2.691799090975552798385362420089943805945524201589985281398222135619931e-73
1.5 6.5 -2.669342823042740235723669776102642851218475705737007667594347762027277e-73
2.5 6.500303999498113330000000009400835255263504726932593792570834904304698 -2.727501482294704645020997733705263366429132121839875502663075596493719e-73
3.5 6.50125259081196383000000002506333712110918766793706218487547958817401 -4.331924614527640493549923035569961084302475947895527988457955551674881e-73
4.5 6.5 -4.965289106521888210817067134414653744524952230622583348786948995350159e-73
5.5 6.5 -4.826243544868398212119799316930155467833178066438335804754387805453577e-73
10.26373644398566917621569296590869428153901203611405465657070991571978 6.251111981084074289999999980613557969646500006315450940008772981118496 5.91505884190845116445105550983415097676870450426551024415820821210026e-79
9.263736443985669176215692965908694281539012036114054656570709915719781 6.253546611829339240000000005327710559421744821541214771066100995800149 5.493627858374182933280129702406742666999532755372150358632529876068463e-79
11.26373644398566917621569296590869428153901203611405465657070991571978 6.257646075623990889999999999667609402684713017945866596789585891833283 6.145805460865109636054487939985495729459611472651297278205808901391086e-79
8.06796915964864886544570944794582015762678723152541328116844913105721 5.853610292355567358436262370257807652505394213138578188560003972420486 -34.7251825500099700903058523899235919548369644621817767053021456302347
6.50157444578529287 5.50120562268079727 -0.006829077816533
0.5 5.50022606551496729000000000488713350032570682299908686252578648496403 -2.533457967976990869068576395378770640889905130908221441315973774701111e-73
1.5 5.5 -1.659421084897159625784078822706692166720796652803059003109420587077187e-73
2.5 5.500195197998849040000000004762673343529138120254673013209780460473077 -1.02605659290291190851693472386199950649832037007600364278042714340191e-73
3.5 5.50019584136167605000000001526411842152266473917848010763001052546448 -1.363750741147352322510498866852631683214566060919937751331537798246859e-73
4.5 5.5 -2.431831138544897341748490739035883103635047099714361907470975220649048e-73
5.500766095190684269999999992656188792266093321331036699245791100452449 5.5 -4.826243544868398212119799316930155467833178066438335804754387805453577e-73
10.25833839460918995 5.24780149364960469 -0.016241295004846
9.24560286414279808 5.25041455237484023 0.126159192427167
11.25946173467870892 5.23206494343962891 -0.008113851866383
7.695767284337020310769983517962874123912224804588641375402260784662571 4.894874911541806355142017364250273996042979481038957654993569901497774 -34.7251825500099700903058523899235919548369644621817767053021456302347
6.5 4.5 5.783665393300239400109176168180179906628778862220411864286703987935961e-74
0.5 4.500158639445820620000000018440914180756619224819876401914892751444328 -2.533457967976990869068576395378770640889905130908221441315973774701111e-73
1.5 4.5 -1.363750741147352322510498866852631683214566060919937751331537798246859e-73
2.5 4.500101135660839799999999986894639017972024623248345329623841208352257 -2.292785576891407343051222921551384826943272935530114363438414030752465e-73
3.5 4.5 2.406723910855835260173534738273858139466321953781070778775597439486462e-74
4.5 4.5 1.507401375074078960551641671516771134391584760832217798535546631299202e-73
5.5 4.5 -2.292785576891407343051222921551384826943272935530114363438414030752465e-73
8.50308350920613146552863752931431293893237937496612917044577136598937 4.304201229336841190180470735168367983070212119829250240854898498733432 -34.7251825500099700903058523899235919548369644621817767053021456302347
10.24190807607135234 4.24718455776601278 -0.033527900639143
11.25602354049455656 4.22208850754261356 0.005483475832641
9.177242632471746329550358592455631076501609852979361814920057660384293 3.521404744660110362028133564530413264649681927953388691239362215466245 -34.7251825500099700903058523899235919548369644621817767053021456302347
6.500340104320121879999999994484028525612754463630492368775310714887864 3.5 -3.88087028635427551904842676652985451078453981863308122694203643585215e-74
2.5 3.5 -3.204241192192635057711829694180393819837151976868057155246747441235252e-73
7.52254676164935621 3.52280312499592352 1.6887296245651
0.5 3.50009114421080579999999988715468462482282004646244155625506261166592 8.698255874631065083546227891312489445067321828014564464605749599960435e-73
1.5 3.5 -2.926150068885655060318367020396077487165749218257169723767407474427743e-73
3.5 3.5 -1.940435143177137759524213383264927255392269909316540613471018217926075e-74
4.5 3.5 1.179785802907835974140118643021673568405351614240636961495898091605174e-72
5.5 3.5 8.918336836960574431145605622952190843870880989080437594550466537808717e-73
10.06796915964864886544570944794582015762678723152541328116844913105721 3.051077787048986131361855523468396028554414839784260190876993440404461 -34.7251825500099700903058523899235919548369644621817767053021456302347
11.26373644398566917621569296590869428153901203611405465657070991571978 3.221538470763518180000000009250637981583507683688055940921041727423345 1.550599436084514636992939035341429594487594725665022145965902314483094e-79
8.52545938818386517 2.51495947151087318 1.211010261757478
2.5 2.5 -2.292785576891407343051222921551384826943272935530114363438414030752465e-73
6.5 2.5 -6.915775462895618500532996848165125661691026079095946413674369554073229e-73
7.51844332435366614 2.51766063623514835 1.965885977251544
0.5 2.5 6.753882964888808279876647665736044637885641665666720453951125161827283e-74
1.5 2.5 2.406723910855835260173534738273858139466321953781070778775597439486462e-74
3.5 2.5 2.774130359062574395085929869206156454836537326286328519193533518649758e-73
4.5 2.5 2.436436210818133981092365726215524278120291635442394410642422863804808e-73
5.5 2.5 -6.324434775396003893987982858826365136102856034844919223290168802383887e-73
9.695767284337020310769983517962874123912224804588641375402260784662571 2.092342406235225128067610517460862372092000107684639657310559369481749 -34.7251825500099700903058523899235919548369644621817767053021456302347
11.24451094464938095 2.21887359266315221 -0.006056045157266
10.39371716653843688876295141919841063695298606109464917627510775956325 1.343871896100106078170539743478559979726900825604762652292293701503172 -34.7251825500099700903058523899235919548369644621817767053021456302347
0.5 1.5 6.753882964888808279876647665736044637885641665666720453951125161827283e-74
1.5 1.5 3.661141390311996304905596775583657684643083532178084617941399472155084e-73
2.5 1.5 3.842210756460119414323385260797067764900945580201948847040079734559118e-73
3.5 1.5 3.842210756460119414323385260797067764900945580201948847040079734559118e-73
4.5 1.5 6.753882964888808279876647665736044637885641665666720453951125161827283e-74
5.5 1.5 -6.924985607442091779218064419562707458881151226157992278552808807920606e-73
6.5 1.5 -2.195763819732550455074744012091968408995623047624885418618417516609747e-73
7.5 1.500470857788269720000000337735934189533871808459418345987962974979921 4.270815334929946864343479319410136883918383132658385136241512353888273e-73
8.5 1.50431703859151965999999999917671157297635036148881651888161023450795 7.335257959806609814661659951482004995049798611673865350873492591949641e-73
7.50411121567098416 0.5002001614828524 0.001641052682819
0.5000322013766105300000000357120440149763211968389313178761694114481233 0.5 1.047152602015240389026813796480188479545390260691622178796145135689581e-72
1.500089675125377830000000003745585745794547395495294260932630289443811 0.5 1.60442313223293584852812058097618755233923464873744674335554314544192e-73
2.500143553828775729999999999959251278561192778961745613273074740327713 0.5 1.189659612713946125411921218720244328095447424305209634870168660516518e-72
3.500197506643991650000000002640605192040501864553160497359983816100358 0.5 3.504516608215679000329552877510265533006663496918612824342523476467753e-73
4.500256242257499649999999999945745393004198612430910839885980132018513 0.5 6.753882964888808279876647665736044637885641665666720453951125161827283e-74
5.500328048782018970000000006944160984848980806820196877078091658509795 0.5 -9.09739274398983089921205847472078255364861968112660316057189061483369e-74
6.503726163765882969999999999972514266175617422810630560049653425659599 0.5 3.483504705968362444969292543645809631223619554998804481809463940214028e-73
8.50464595769344456 0.50069344457891773 0.009127066970766
9.50516787975740662 0.50048932342567021 0.008140064641956
11.26373644398566917621569296590869428153901203611405465657070991571978 0.5 0.0
