126 11.77330360660324044216557619692074858179368046070521894371997550284490
0.5 11.2733036066032404421655761969207485817936804607052189437199755028449 1.552638673674556140617730643195531288889806136389535197316128579428577e-79
1.5 11.2733036066032404421655761969207485817936804607052189437199755028449 9.070549216391834476413596636510895409155345350998668874529100450772523e-80
2.5 11.2733036066032404421655761969207485817936804607052189437199755028449 1.81309009504709243649931192296947847060085484005685907542353894132599e-79
3.5 11.2733036066032404421655761969207485817936804607052189437199755028449 2.01796508457868161873185892651809006061415585577404339304166026952936e-79
5.195978435728938470000000028979594214201493908196084204376081015739438 11.2733036066032404421655761969207485817936804607052189437199755028449 -5.447714730939651848871730194498571373839672022300142202169718058209566e-79
6.205708158375937700000000041298446110131964065701362345752378678530626 11.2733036066032404421655761969207485817936804607052189437199755028449 2.178711000514121085392814329808761988691950998954332221353124788333879e-79
7.227771630903765400000000057176638410423533170768495902729261588120952 11.2733036066032404421655761969207485817936804607052189437199755028449 1.242945447321622270778135491052153077776005710645311812791706470746219e-79
8.272542873368720959999999871788014796240221244437629143384322484980604 11.2733036066032404421655761969207485817936804607052189437199755028449 3.190637402877345810727796697843764606594679484688835919862173513337097e-79
9.272633640005466299999999982834386702391698599343111393449777389814957 11.2733036066032404421655761969207485817936804607052189437199755028449 7.156809765579640923355381120898486485103845424854747563044834826552493e-79
10.27316398117515206000000017407951367692889154796476210359991230756251 11.2733036066032404421655761969207485817936804607052189437199755028449 4.251854767506604275271949288488142910042121788808710954508837627413511e-79
11.27323523712431097000000007027804032433123311551005652779049330739092 11.2733036066032404421655761969207485817936804607052189437199755028449 1.121951961474475400810088774351298554334707247972151261397528714491268e-78
4.223138956588186212463719423369263136431498105775804067645981343611281 10.29079309765287635354372294721480869757644137196679674476114395476227 4.961173404423889720619719428037924037491212568350778361844334328987557
0.5659038182309155100000000198506898941210865166502281883476534000541424 10.2733036066032404421655761969207485817936804607052189437199755028449 7.113699624546573841046481245012533850087695017241976729750269582027827e-80
1.816759814676541570000000007890949612582933540357074741886907821054616 10.2733036066032404421655761969207485817936804607052189437199755028449 -3.73288814043990335207421401273434745642598473421382844045943463556094e-80
3.01227459367380979 10.27304000644279469 0.000645415838449
5.264506046658215797021175264616920732325898728544005257026613060369143 10.2733036066032404421655761969207485817936804607052189437199755028449 -3.613036242694188906894660234735098424141672466831832667283544453697362e-79
6.273303606603240442165576196920748581793680460705218943719975502844905 10.2733036066032404421655761969207485817936804607052189437199755028449 5.795474573940228540379733605147210410335905683371315973050533442540781e-79
7.273303606603240442165576196920748581793680460705218943719975502844905 10.2733036066032404421655761969207485817936804607052189437199755028449 4.9299802142703200118056884591384703015066311348934649545711646097377e-79
8.273303606603240442165576196920748581793680460705218943719975502844905 10.2733036066032404421655761969207485817936804607052189437199755028449 6.137990245481947365236210988479520515495843798977358306753521260265956e-79
9.273303606603240442165576196920748581793680460705218943719975502844905 10.2733036066032404421655761969207485817936804607052189437199755028449 -1.633232963243931763553930392768643524537689213004796548168713694226353e-79
10.2733036066032404421655761969207485817936804607052189437199755028449 10.2733036066032404421655761969207485817936804607052189437199755028449 4.321726315455877530119484852431550161791230810129094232676616534298904e-79
11.2733036066032404421655761969207485817936804607052189437199755028449 10.2733036066032404421655761969207485817936804607052189437199755028449 1.122761645617377874815939717405305720548420376520231418499103622415009e-78
3.810985048412845142648047865586376796921694930836111845182994918734274 9.184961003211120799531473362358988938467615536553797895411080977014353 -23.63169847451988323561773129211421170350641862628400000423468496873291
4.902757839883433933331081830312691525974891176855229835034157958731952 9.167044316007437779601265422873188885257394771323556179442667470143722 -23.63169847451988323561773129211421170350641862628400000423468496873291
2.67788826510368283 9.14225212990024616 -24.902444259735574
0.5 9.273303606603240442165576196920748581793680460705218943719975502844905 -1.568713487291664037445509687237469857318780448582895624394828990941773e-79
1.5 9.273303606603240442165576196920748581793680460705218943719975502844905 -2.614506743649662826944755130103289415056297877910757177436053674417357e-79
6.023562265277024861355502028612848492774767027556020790724436762614127 9.118035907111160344119969133000218916980249518407247564621178663861092 -23.63169847451988323561773129211421170350641862628400000423468496873291
7.12302833528762820810725179317172638256651444901759562311374332649511 9.12302833528762820810725179317172638256651444901759562311374332649511 -21.87177427623676893528312236185629826677079185165676054569515047492588
8.273303606603240442165576196920748581793680460705218943719975502844905 9.273303606603240442165576196920748581793680460705218943719975502844905 7.355778998184413819179301912445363337179652919365662213347219475004744e-80
9.273303606603240442165576196920748581793680460705218943719975502844905 9.273303606603240442165576196920748581793680460705218943719975502844905 4.321726315455877530119484852431550161791230810129094232676616534298904e-79
10.2733036066032404421655761969207485817936804607052189437199755028449 9.273303606603240442165576196920748581793680460705218943719975502844905 1.277805460059636142612703927273651350552088698972768798706915289928713e-78
11.2733036066032404421655761969207485817936804607052189437199755028449 9.273303606603240442165576196920748581793680460705218943719975502844905 3.987491056107994477378168945486395254029614551748642480459494272537555e-79
3.416908491356209838907798744910502521525863262820418610153470212051498 8.265853595871266493382909671314185896675291027752268212429862425009371 -23.63169847451988323561773129211421170350641862628400000423468496873291
4.501901897586442773500759685225213549979385875424874673466112868629912 8.250903216871943643989669581274282946144636827098914975378577420627783 -23.63169847451988323561773129211421170350641862628400000423468496873291
5.580142123396303191923161878846696535041476473584535744220082379267312 8.220518699370074728801237906826853817512922668862098620288837811091615 -23.63169847451988323561773129211421170350641862628400000423468496873291
2.282229985941464486439943542144045836820436308790851220221724588250311 8.190665092699911064081578638678716766794871088258204250736946288501046 -24.71759308497361898295084437670150911154377316065276700458462034210406
6.731133310317422559660300884608601052109992579509870993494568935069797 8.202781795965122717366687258938242784420629099968099165813098361493288 -21.87177427623676893528312236185629826677079185165676054569515047492588
7.835212509095515419407751820736559427086511143743736099833886018710954 8.200448014882324909644587059035574692785495922495720501434727790554091 -23.63169847451988323561773129211421170350641862628400000423468496873291
0.5000119851687738799999999354653927608292758554400696035659758692958579 8.273303606603240442165576196920748581793680460705218943719975502844905 9.623060659861956339742751047472892614445236610586983398924439968068757e-79
10.2733036066032404421655761969207485817936804607052189437199755028449 8.273303606603240442165576196920748581793680460705218943719975502844905 1.344935428621721616524076930334980925696185165311221979619151512828916e-80
11.2733036066032404421655761969207485817936804607052189437199755028449 8.273303606603240442165576196920748581793680460705218943719975502844905 5.457354227671439708749843815001632897729909560666438675475105346901459e-79
9.041028064969929228312424539746424149200160728403750247264139458158201 8.114805085886997794444617203577556624239548837877720760903907933035915 -23.63169847451988323561773129211421170350641862628400000423468496873291
1.735282234805526703187642546059632569960809866426000266336931078043492 7.322454574670297740516314018169277089354726290905255354114082690845294 -27.35059441469506468722176744857893205569857358529752431684065642213329
2.994220543767953205871665978833940879913744499601792563229386935622104 7.34534115959245244301785227956827786274100300259192012336687581129114 -25.12819919457282647062547929636156619403639949108412072910160975153758
4.101045955289451613670437540137735573983880573994519511898067778527873 7.334762117736449508378073739675377007031878882874273771314487371111844 -23.63169847451988323561773129211421170350641862628400000423468496873291
5.179286181099312032092839733759218559045971172154180582652037289165272 7.304377600234580593189642065227947878400164724637457416224747761575675 -23.63169847451988323561773129211421170350641862628400000423468496873291
6.286951749729615886959330797810733421324817883126512658056507298901047 7.303524394559415412055118581457063550801408035090805556913552230115864 -21.87177427623676893528312236185629826677079185165676054569515047492588
7.43682293166002281766752849513645038855764442763583732072899104966515 7.283227762097314201472047584109645664538755593452458202398785986193541 -23.63169847451988323561773129211421170350641862628400000423468496873291
8.515311904151402850778756807895958280754718769685994312660165402174518 7.25329635789835891217328532217644210145724427236929694648643210500523 -23.63169847451988323561773129211421170350641862628400000423468496873291
9.738703721850128077807823933545314612273821766965755515912302122479346 7.218697065189757629596361664397550536921387159921261367248686688494746 -29.4392774146267625602933883802025126510093021895980449803725483427361
0.5 7.273303606603240442165576196920748581793680460705218943719975502844905 9.623060659861956339742751047472892614445236610586983398924439968068757e-79
11.2733036066032404421655761969207485817936804607052189437199755028449 7.273303606603240442165576196920748581793680460705218943719975502844905 6.665401125548651693893780160759484803977003300609094926102610541899777e-79
2.57946567321451792456627577912404305124072669033215272314265924075578 6.435342405671604089742697696960928688736135491350077830153201678356879 -25.12819919457282647062547929636156619403639949108412072910160975153758
3.682047729705909826171712547489029837088404273891732901876148509460732 6.426559143054832358181250228088553911528923740858906236346354997459027 -23.63169847451988323561773129211421170350641862628400000423468496873291
10.4231170659169871229995519656201987269110738383858588372940446206029 6.396806146334913548381784791364902014630746363976424235755362391235639 -29.4392774146267625602933883802025126510093021895980449803725483427361
1.3506189389739013332097118075336888525618500954039120529145991202677 6.376538125391261669246209594665811110737729912449008247990931473896288 -29.32167026631240768776720191268848746842926621051008094583668535894768
4.778430238802320872262517588671740583050465870723825421083992199063233 6.388236501099086457578046223629041939287406780412816212160657712059736 -23.63169847451988323561773129211421170350641862628400000423468496873291
5.885906628942393545252971163182782471916767692095879078418423451480451 6.386950935137629746003637788891191003188646205915930333852840456499328 -21.87177427623676893528312236185629826677079185165676054569515047492588
6.993402789779301148235188345370298430824353873664352274224636666318335 6.385710554356228586153316357936280565071428743907309258066445133424063 -23.63169847451988323561773129211421170350641862628400000423468496873291
8.114413586757269080916336199892499894185715674881562173516541193884969 6.337173799912815429812448157835730339157570409393610562485361334813907 -23.63169847451988323561773129211421170350641862628400000423468496873291
9.227044329174628750062775551240286415472136377472221337621526572179226 6.328634210842531437152998943113980438063115908593851865575818010009065 -26.30181657313845934541450485113178309586685390020856242514512360157086
2.035348810976437425810002732331618590881738313906441326015607982956153 5.553616294698790799603620357190458926403183168342997788151094392181823 -29.32167026631240768776720191268848746842926621051008094583668535894768
3.267269161432430168883116475113128596399749977560496353004209416742791 5.516509864666513824775666483478699299622343263427489190612617906492788 -23.63169847451988323561773129211421170350641862628400000423468496873291
9.957600909173966831389282290333731413330506933765551434810144462390322 5.481723466238865656284782247304983932367237065716111654990234267135048 -26.30181657313845934541450485113178309586685390020856242514512360157086
4.359432013218779084763792596023034846154989570621038811062072929996092 5.480033526417469307381222712042218843784451638397448677192525338406919 -23.63169847451988323561773129211421170350641862628400000423468496873291
5.484861508155171203546611528554831522508717501065245498780339604059855 5.470377475715844079952156996325318455575884376741055110792128682882792 -21.87177427623676893528312236185629826677079185165676054569515047492588
6.592546847482309988404866200282820454828848572233997112656591576216296 5.469569455220734450541720516337374625958670799682668054002355083908124 -23.63169847451988323561773129211421170350641862628400000423468496873291
7.670993444876547411483996050126347936452425120910077127012186810538154 5.43965659217172981449371693166236523969024355984846161815302048204443 -23.63169847451988323561773129211421170350641862628400000423468496873291
8.803239737316751175149151497755200871229448080091110138352374095705515 5.422624873525359007852376863060972118723300899570551626723750289109228 -26.30181657313845934541450485113178309586685390020856242514512360157086
0.5 5.5 -2.234315682860477153387096080185709953748057662430092329069750596160186e-80
11.2733036066032404421655761969207485817936804607052189437199755028449 5.5 0.0
2.733559861635723866964962219440458168973591946441643292058615077817288 4.658498520716242647720958993343191957554131622827498182816067569808989 -23.63169847451988323561773129211421170350641862628400000423468496873291
9.506732155341532957351766988000593199069759480170913164333164193429274 4.589091138584910807454177026674713669947209434515156419120722301241663 -26.30181657313845934541450485113178309586685390020856242514512360157086
3.944653444945299427475196523647133605466335274289802262190133837278151 4.56998424802915077397563896743236423187787116096603163145878824744068 -23.63169847451988323561773129211421170350641862628400000423468496873291
5.065430196191113661600410191837499985144369491341488388091633200681546 4.56118469848722526020128401607972442697823610504283145506416860886395 -21.87177427623676893528312236185629826677079185165676054569515047492588
6.191690905185318828574544055195342478833343270803641951088546486114256 4.553428356085240314930124674738468686845912855458026849938265034392185 -23.63169847451988323561773129211421170350641862628400000423468496873291
7.270137502579556251653673905038869960456919819479721965444141720436115 4.523515493036235678882121090063459300577485615623820414088930432528491 -23.63169847451988323561773129211421170350641862628400000423468496873291
8.353219268969673742225777742883871497267590075388239856107511511994493 4.504196133464393301881705311037152128214571047471060658275476319641181 -23.63169847451988323561773129211421170350641862628400000423468496873291
0.5 4.5 -1.075797413551175673499656162642128166451269498197701925864978896421435e-80
1.5 4.5 2.234411113053972045547831703556873355602564693117307823989178241619051e-79
11.12381330465095175000000000722033173598470585473041329559518610697197 4.5 2.598301926933777020305532514993205027562482961658818372292039363198896e-80
9.0828846658687219 3.63025275179735196 -24.684101101221046
4.650275271315612234058324403749022199227166011687623320606232176349795 3.650275271315612234058324403749022199227166011687623320606232176349795 -21.87177427623676893528312236185629826677079185165676054569515047492588
5.772692679601777041075819062546636741937866970700855341066627217047115 3.645225381403623164733301163151645591342957713442659314970132660739368 -23.63169847451988323561773129211421170350641862628400000423468496873291
6.869281560282565091823351759951391984461414518049366803876096630334075 3.607374393900741543270525248464553361464727671399179210024840383012552 -23.63169847451988323561773129211421170350641862628400000423468496873291
7.952389183931856659922083478521698583966391341368749750426236432730359 3.588043720530182764166057559364239081812460539864407574890362743849549 -23.63169847451988323561773129211421170350641862628400000423468496873291
0.5 3.5 -3.020117244693029962859840864394629765617734349856640626568762987495794e-80
1.5 3.5 -1.04467557107761561841443489593469901437309169677266752332232133613337e-79
2.5 3.5 -4.406429054726134679141132689515726381850745578366486733972816025166958e-80
3.5 3.5 -1.04894288761903673924208414617949489322282622742447301834826535854307e-79
10.2733036066032404421655761969207485817936804607052189437199755028449 3.5 -1.581593509236873523212764604528191912881663259237216682508498151418234e-80
11.2733036066032404421655761969207485817936804607052189437199755028449 3.5 -1.987001646616870078842950635969339029668938766604235009323706358770209e-80
8.75170102277919426 2.50022572491484274 -0.000319186451975
7.541425826786988140167285056008767788202210436683960630774740994962859 2.482164978688344523475215456825701287940526478896043759439478268707587 4.836985897135233493189347711335187725521586329771000245696423776457548
6.509072879448347710971524837663655304627439324116795801142573567591871 2.495411808835657922596842137204518670060816999430799347555157999234148 1.049342882075256437263781238832571542755621368100044897320450561863557
0.5 2.5 -8.125202914415536108413026105663768841621520819133977695417821436085897e-80
1.5 2.5 -1.44585937147540093656310398137232897195780522127441837105035102659735e-79
2.5 2.5 -1.910169930747524951709368552108973232379684450992957878611429411646911e-79
3.5 2.5 -2.816159910871826653858116234223906707278232493297358325591516316267132e-79
4.5 2.5 -3.762781091301342584988291673889865803429052611643644087234208024879584e-79
5.5 2.5 -6.359173783743856011454683488005777547875286348999331671120448268163172e-79
10.02139738874543085000000000259431043442141420978215612919832492292168 2.5 1.171431170586402090769921177766565456253163327882499283280623978223433e-79
11.27329179269483816000000000346996954710416640929517577661188128481533 2.5 3.141228564246846966199896645718936819763006311162750637145247977522019e-80
6.512260094860540165300531850143080715697205813553479538681783728141926 1.495302453899726715260066357075562440675707893669334770478652200192198 1.049342882075256437263781238832571542755621368100044897320450561863557
0.5 1.5 -4.332230295516326402111629438030029231265784573133497835846055976448605e-80
1.5 1.5 -1.048185622125670822213292195368918788125496281361084918590353601769964e-80
2.5 1.5 -3.775146555866287453574801080493287207022167937320800783210953734369742e-80
3.5 1.5 -3.775146555866287453574801080493287207022167937320800783210953734369742e-80
4.501036977311881240000000025478577609322146842461748904201204364471407 1.5 -5.208387565539525173442507555413622196397328916489727193787646648841232e-79
5.501472230046744900000000000467120353602741662538761043507195399557992 1.5 -7.404964715997956692872337845954303533477134839398255895646345167754274e-79
8.273303606603240442165576196920748581793680460705218943719975502844905 1.5 2.860675798573019477682583711897984374661593142690373594683652399322002e-79
9.273303606603240442165576196920748581793680460705218943719975502844905 1.5 4.909120530085659233679745314028820720182362851178054542537944068509022e-80
10.2733036066032404421655761969207485817936804607052189437199755028449 1.5 1.971724141150760442013611605639205303258935205639031305373902169066944e-80
11.2733036066032404421655761969207485817936804607052189437199755028449 1.5 2.002785930993424014886058458279322987772524073669326392010948973349469e-80
0.5 0.5 2.460814636956210661025990420909615923392970168170110258142538682264765e-80
1.5 0.5 -4.073334044907700307513444316115803932419439556251460334982027241974971e-80
2.500098415608960069999999999999999999999999999999998701214212602903768 0.5 3.18527990651218003895373841166621108092495419711442566083424221337447e-81
3.500690394342002240000000009661638533025889201015356051891186765888751 0.5 -3.506555665676000296673760900897348461589330937050711832261692002696272e-80
4.501449430038972470000000005997726809538789805881785759329458967306596 0.5 -4.429198070003238681249318130972109554090334747633382098591281177743312e-79
5.501784331944877590000000000000000000000000000000026730490490914683248 0.5 -6.653714238047123952782293812577819548505511527457292829631880229061701e-79
7.273303606603240442165576196920748581793680460705218943719975502844905 0.5 1.172688048664281685897456179734513234123294736193849912521684036903034e-79
8.273303606603240442165576196920748581793680460705218943719975502844905 0.5 1.198490924884692554349350285388936553281407533872538776897218992231704e-79
9.273303606603240442165576196920748581793680460705218943719975502844905 0.5 1.560417337277222141636474522371842334229589056084583113326810810912966e-80
10.2733036066032404421655761969207485817936804607052189437199755028449 0.5 4.93558400441954049401883669032617412874222927497393009565617863520759e-80
11.2733036066032404421655761969207485817936804607052189437199755028449 0.5 -1.510058622346515149080105538481801155554141801124661841786410502645909e-80
