126 11.74264068712187914
0.50000000000019984 11.24264068712177256 89.999999999999801
1.50087712851482546 11.24264068712175479 0.000000000000035
2.50183858736051690 11.24264068712176545 89.999999999999758
3.50262753146425432 11.24114807686331119 89.986790898113654
4.50333693875246333 11.24264068712175124 0.000000000002290
5.50452697253722345 11.24264068712177078 0.000000000000388
6.50565412469512072 11.24264068712177078 0.000000000000322
7.50686575720358462 11.24264068712177078 0.000000000000235
8.51092986512114180 11.24264068712176012 89.999999999999119
9.51444262368488936 11.24052161405279193 89.971838564322240
11.24247310334046368 11.24252838176670188 89.997562871921104
10.38294354703414157 10.38169334386214260 56.031135633150697
0.50000000000014744 10.24264068712156117 89.999999999999787
1.50000000000054268 10.24264068712150433 0.000000000000663
2.50169613020485659 10.24264068712153986 89.999999999999503
3.50265625814135984 10.23765420491026923 0.002035259209298
4.50353166555772777 10.24264068712151854 0.000000000004106
5.50453051621233946 10.24264068712155762 0.000000000000830
6.50566274791010724 10.24264068712155407 0.000000000000664
7.50685575658371107 10.24264068712155407 0.000000000000528
8.50761070670392172 10.24264068712152209 89.999999999998167
9.54525959783087075 9.68487492680211837 61.552834505479666
11.24053012941046603 9.50896793287157749 89.972257062880189
0.50000000000014211 9.24264068712135156 89.999999999999943
1.50000000000051426 9.24264068712125386 0.000000000001815
2.50000000000078337 9.24264068712131426 89.999999999998835
5.24264068712047937 9.24264068712132847 0.000000000001347
6.24264068712069786 9.24264068712132136 0.000000000000183
7.24264068712092168 9.24264068712130182 89.999999999998280
8.24264068712115616 9.24264068712130360 89.999999999996561
3.77770596321664565 9.00715554138623276 44.981396461280042
4.48699769338695909 8.29117689966794558 44.999999999996326
9.24264068712135156 8.50811587620471599 89.999999999998465
10.24264068712156117 8.50691581080144132 89.999999999998892
11.24264068712177256 8.50754831626463925 89.999999999999460
3.16421356237396401 8.19974746830762946 44.999999999994337
0.50000000000011724 8.24264068712113840 0.000000000000014
1.50000000000038813 8.24264068712099096 0.000000000004485
6.24264068712066322 8.24264068712106202 89.999999999996604
7.24264068712088260 8.24264068712105846 89.999999999996220
8.24264068712110820 8.24264068712108688 89.999999999996078
5.19876959430996965 7.57940499874490747 44.999999999993477
2.45710678118720116 7.49264068712089681 45.000000000001016
3.87132034356061805 7.49264068712087195 44.999999999995900
9.24264068712135334 7.50635232821172771 89.999999999999162
10.24264068712156472 7.50635970258012186 89.999999999999403
11.24264068712177433 7.50624332962383001 89.999999999999773
0.50000000000010747 7.24264068712092701 89.999999999999730
7.24264068712090037 7.24264068712084708 89.999999999995723
8.24264068712111175 7.24264068712086839 89.999999999995836
5.92134017162128323 6.87693144208957374 44.623991143338067
1.70710678118690495 6.82842712474778057 45.000000000001627
3.16421356237387030 6.78553390593414729 45.000000000002082
4.57842712474729652 6.78553390593414907 44.999999999996213
9.24264068712133913 6.50555091442813005 89.999999999998650
10.24264068712155407 6.50546708757021364 89.999999999999062
11.24264068712177078 6.50535063415288128 89.999999999999517
6.62411934714237116 6.15405524591247488 44.999999999998586
2.41421356237357410 6.12132034356102661 45.000000000002572
3.87492744609797768 6.07482002221005857 44.999999999998089
5.28553390593401851 6.07842712474748303 44.999999999995900
0.50000000000010569 6.24264068712071474 89.999999999999858
8.24264068712108688 6.24264068712064812 89.999999999995424
1.54289321881371411 5.57842712474744573 45.000000000001990
7.33472851655663494 5.44344607649821288 44.999999999993918
3.12132034356028454 5.41421356237431617 45.000000000001911
5.99264068712067210 5.37132034356075128 44.999999999995943
4.59233925740261562 5.35740821090541441 45.000000000000611
9.24264068712125919 5.50484413948365159 89.999999999994500
10.24264068712152564 5.50452571853018657 89.999999999998792
11.24264068712177078 5.50435632011007048 0.000000000000073
2.25000000000042144 4.87132034356076460 45.000000000001350
0.71207398401678557 4.82897325932817090 45.000042997068249
3.82842712474699720 4.70710678118761017 45.000000000001364
6.69974746830737722 4.66421356237405771 44.999999999994493
5.30274006042122181 4.64700740788679134 44.999999999997520
8.21684287525427060 4.52495319497115922 87.854463972555521
9.23738749943235149 4.50428621628309500 89.979766005389692
10.23931021595051227 4.50388705726517813 89.981348293225423
11.24157385284219401 4.50373832844453759 89.985695242902864
1.51901358432871803 4.18809319685907155 45.000000000001812
2.95710678118712877 4.16421356237405860 44.999999999999318
4.53553390593370054 4.00000000000088640 44.999999999999957
6.01521915197798318 3.93452831633002909 44.999999999996632
2.25000000000041567 3.45710678118736414 44.999999999997605
3.66421356237380502 3.45710678118733750 44.999999999998906
0.50000000000010658 3.50000000000078293 0.000000000000508
5.24264068712040476 3.29289321881417196 45.000000000000512
7.24264068712090392 3.50000000000075406 89.999999999998977
8.24264068712112064 3.50375456030885424 89.999999999998991
9.24264068712133557 3.50341676247394673 89.999999999999091
10.24264068712155051 3.50319543858201454 89.999999999999318
11.24264068712176901 3.50314551489553772 89.999999999999616
2.92262446447133506 2.71551768328485821 44.999999999998622
4.37132034356053190 2.75000000000064793 45.000000000000320
6.24264068712063747 2.58578643762749216 0.000000000000923
0.50000000000011191 2.50000000000056843 0.000000000001132
1.50000000000033928 2.50000000000054357 0.000000000003467
7.24264068712087372 2.50000000000054357 89.999999999998991
8.24264068712111531 2.50252045850493721 89.999999999998209
9.24264068712133735 2.50236933718946863 89.999999999999176
10.24264068712155762 2.50223867277696188 89.999999999999858
11.24264068712177256 2.50219151988118460 0.000000000000053
3.66421356237384410 2.04289321881394326 44.999999999999602
5.07842712474724944 2.04289321881391572 45.000000000004640
4.37132034356056121 1.33578643762720173 45.000000000004221
0.50000000000011635 1.50000000000034994 0.000000000001477
1.50000000000034817 1.50000000000033396 0.000000000003140
2.50000000000056533 1.50000000000033484 0.000000000003027
6.24264068712057529 1.50000000000039169 0.000000000001379
7.24264068712082043 1.50000000000033218 89.999999999998920
8.24264068712108156 1.50147668946153523 89.999999999997087
9.24264068712131071 1.50130307182901035 89.999999999998167
10.24264068712153630 1.50124619118357039 89.999999999998892
11.24264068712176368 1.50122321166395789 89.999999999999304
0.50000000000010658 0.50000000000011635 0.000000000000424
1.50000000000031974 0.50000000000010747 0.000000000000731
2.50000000000053824 0.50000000000010747 0.000000000000757
3.50000000000075762 0.50000000000010747 0.000000000000384
5.24264068712038345 0.50000000000011724 89.999999999998707
6.24264068712061881 0.50000000000011813 89.999999999998522
7.24264068712085773 0.50000000000011013 89.999999999999432
8.24264068712109399 0.50031029654986092 89.999999999999247
9.24264068712131781 0.50022748602793587 89.999999999999247
10.24264068712154341 0.50021365770185966 89.999999999999375
11.24264068712176723 0.50027368923244264 89.999999999999673
