105 10.806077865519734
0.5000000000000226 10.306077865519732 0.0
1.5000000000000253 10.306077865519732 0.0
2.500000000000028 10.306077865519732 6.149900653611097e-16
0.6714871473887807 9.30607786551973 0.0
1.702144883715722 9.30607786551973 3.930830243572705e-17
0.5000000000000013 8.306077865519727 1.9588491566554442e-17
1.500000000000004 8.306077865519727 5.5107419445828603e-17
0.6935744638152445 7.306077865519725 0.0
0.5000000000000013 6.306077865519723 0.0
10.306077865519732 10.26821410960495 89.99999999999996
9.306067305635535 10.30607786551972 1.3254346847006633e-12
8.298939125977235 10.303868900079719 89.93849439881767
6.500000000000039 10.306077865519732 3.35579810808485e-15
5.500000000000036 10.306077865519732 3.014383123398773e-15
4.500000000000034 10.306077865519732 0.0
10.306077865519722 9.265477057693433 1.2931877790833823e-12
9.306077865519718 9.306077865519718 1.2363443602225743e-12
8.306077865519715 9.302854009401374 1.3072195283635976e-12
10.306077865519732 8.2621507785552 89.99999999999993
9.30607786551973 8.306077865519702 89.99999999999996
10.296673742193352 7.251664958722363 88.91290366116912
0.5000000000000013 0.5000000000000013 0.0
1.500000000000004 0.5000000000000013 3.1805251076337274e-15
2.5000000000000067 0.5000000000000013 2.1203809460757564e-15
3.5000000000000093 0.5000000000000012 0.0
4.500000000000012 0.5000000000000013 0.0
5.500000000000014 0.5000000000000013 90.0
6.500000000000019 0.5000020472068603 0.0
7.500000000000021 0.50000182635431 90.0
8.500000000000025 0.5000000000000013 3.1805535440085254e-15
0.5000000000000013 1.500000000000004 0.0
1.500000000000004 1.500000000000004 2.886437378726702e-15
2.5000000000000067 1.500000000000004 0.0
3.5000000000000093 1.500000000000004 0.0
4.500000000000012 1.500000000000004 0.0
5.500000000000014 1.500000000000004 90.0
0.5000000000000013 2.5000000000000067 90.0
1.500000000000004 2.5000000000000067 90.0
2.5000000000000067 2.5000000000000067 0.0
0.5000000000000014 3.5000000000000093 90.0
1.5000000000000042 3.5000000000000093 0.0
0.5000000000000013 4.500000000000012 90.0
9.81778063691311 0.5000000000000013 90.0
10.159526594052648 1.500000000000004 89.99999999999999
10.306077865519732 2.5000000000000067 89.99999999999999
4.462488256007078 7.259130064751379 69.50635250168003
5.117071599332485 9.186722388799952 73.84822140490667
3.3971980119106315 7.266087980046703 69.47138074346488
6.158165500944826 9.186722388799952 73.84822140490667
2.970406582409822 9.140781945505847 68.1520081143756
4.812390340602049 8.196282385720535 69.54565406213348
7.662855674061714 7.253989606124476 69.55167821416241
5.17709486983398 6.315113791902454 69.45640920253126
4.075977697720117 9.18672238879994 73.84822140490422
3.5000000000000306 10.306077865519732 0.0
6.252785891640354 6.335592186897476 69.50989615375924
3.7576106492561694 5.3861003541324015 69.36028143197841
1.3299711823248952 5.384922068656163 58.92543285087802
8.745422229656144 7.2950687970016705 69.55167821416237
6.609666462975874 4.442316733133337 69.27026946217958
5.877158677232106 8.18947640167897 69.55167821416251
7.2863960153347715 9.317188024420512 2.3022411115280454
8.012218076831042 8.190977285622582 69.55167821416241
3.044326270634149 6.329381173308114 69.36028143197841
2.2116968681220843 7.1886595791779255 58.92543285087802
9.110323929167897 5.411375537186048 69.55167821416252
7.313493271292389 6.317001926626369 69.55167821416241
8.759467215654462 4.472330564842856 69.27026946217956
6.962801613214311 5.3794070220583405 69.43314183952602
5.193833635095718 3.5264722191570814 69.2702694621796
5.901223765397664 5.398170536216043 69.37494838680192
3.746892933007702 8.202952195321137 69.47138074367938
2.7483932085835394 3.629065292986462 69.36028143197723
2.6560215241425467 8.178401530084274 68.32285597986566
2.5412667745387365 5.406877264279952 63.2748598966528
9.460266400954422 3.4988589217714963 69.27026946217953
6.951979551566551 8.209781726071409 69.55167821416238
9.459686332547436 6.348363218320743 69.55167821416234
4.111313569654717 6.321931882096694 69.41100689385962
4.470828541222232 4.4428192660106856 69.33315467364652
5.527611293562498 7.252404219949148 69.53519724258136
6.602617148797224 7.272794046573301 69.55167821416245
10.162902824386018 5.372028019044626 69.55167821416251
9.161466765060368 2.542722279561869 69.2702694621795
8.046697424117488 5.421093438005455 69.55167821416228
5.547793829219953 4.461732707457287 69.27026946217958
4.698779478363826 2.644610361218004 69.27027144326001
7.037729165093613 2.5815743426382 69.27038164896088
5.956905488886438 2.550920035610517 69.27026946217956
2.0328863201926115 4.54324306311704 63.27485989665275
3.262471475661651 4.504015961067298 69.3602814319772
10.162902824386018 4.304778126777473 69.55167821416251
8.405507021530227 3.5370700765426513 69.27026946217956
6.25570626885164 3.507056244833131 69.27026946217958
8.396059826886818 6.358081117503564 69.55167821416241
4.824788948541182 5.378080317630147 69.33315467364652
1.837266849263571 6.24675619109044 58.92543285087802
8.987303988886136 1.539415370230571 69.27026946217966
7.690489686974166 4.472973446580133 69.27026946217954
8.106706479915118 2.5809324570997325 69.27038164896084
6.685728081728203 1.6449501296055704 69.20372190808045
3.545738693708701 2.5000000000000067 1.4210854715202004e-14
3.9757147990591264 3.560802293237809 69.33315467364653
7.755543095538442 1.6446124143387593 69.27038164896086
7.33652949284993 3.537712958279928 69.27026946217958
