130 11.911187706548755
0.5 11.411187106015705 0.0
1.500000000001136 11.411187706548754 0.0
2.500000000002271 11.411187706548754 0.0
3.500000000003407 11.408983794287057 0.0
4.500000000004542 11.410312491002404 0.0
5.500000000005677 11.409084161331133 0.0
6.500000000006813 11.411187706548754 0.0
7.500000000007949 11.411187706548754 0.0
8.500000000009084 11.411187706548754 0.0
0.5 10.41118289041693 0.0
1.500000000001136 10.41118770654762 0.0
2.500000000002271 10.41118770654762 0.0
3.500000000003407 10.40788575418919 0.0
4.500000000004542 10.410307691081366 0.0
5.500000000005677 10.406202899273163 0.0
6.500000000006813 10.41118770654762 0.0
7.500000000007949 10.41118770654762 0.0
0.5 9.411182000009964 0.0
1.500000000001136 9.411187706546484 0.0
2.500000000002271 9.411187706546484 0.0
3.500000000003407 9.406817029853752 0.0
4.500000000004542 9.410305728523358 0.0
5.500000000005677 9.403053101443787 0.0
6.500000000006813 9.411187706546484 0.0
0.5 8.411182000008827 0.0
1.500000000001136 8.411187706545348 0.0
2.500000000002271 8.411187706545348 0.0
3.500000000003407 8.406048010832896 0.0
4.500000000004542 8.410305722413485 0.0
5.502483479953883 8.40002720270404 89.94104104299994
0.5 7.411182000007693 0.0
1.500000000001136 7.411187706544212 0.0
2.500000000002271 7.411187706544212 0.0
3.500000000003407 7.4055805842272555 0.0
4.500000000004542 7.410305722412349 0.0
0.5 6.411182000006558 0.0
1.500000000001136 6.411187706543077 0.0
2.500000000002271 6.411187706543077 0.0
3.500001672726573 6.405077081773111 89.9998083197343
0.5 5.411182000005422 0.0
1.500000000001136 5.411187706541941 0.0
2.500000000002271 5.411187706541941 0.0
0.5 4.4111820000042865 0.0
1.500000000001136 4.411187706540806 0.0
0.5 3.411182000003151 0.0
11.411187706548755 0.5 0.0
10.411187706547619 0.5 0.0
9.411187706546485 0.5 0.0
8.411187706545348 0.5 0.0
7.411187706544212 0.5 0.0
6.411187706543077 0.5 0.0
5.411187706541941 0.5 0.0
4.411187706540805 0.5 0.0
3.4111877065396707 0.5 0.0
2.411187706538535 0.5 0.0
11.411187706548755 1.500000000001135 0.0
10.411187706547619 1.500000000001136 0.0
9.411187706546485 1.500000000001136 0.0
8.411187706545348 1.500000000001135 0.0
7.411187706544212 1.500000000001136 0.0
6.411187706543077 1.500000000001135 0.0
5.411187706541941 1.500000000001135 0.0
4.411187706540805 1.500000000001136 0.0
3.4111877065396707 1.500000000001136 0.0
11.408539789728565 2.500000000002271 0.0
10.408076261859946 2.500000000002271 0.0
9.407612273340558 2.5000000000022715 2.842170943040401e-14
8.406754548167612 2.500000000002271 0.0
7.406106455940644 2.500000000002271 0.0
6.405522231755091 2.500000000002271 0.0
5.4043724339185975 2.500000000002271 0.0
4.404113781064644 2.5000008904428905 89.99993237894408
11.411187706548755 3.500000000003407 0.0
10.411187706547619 3.500000000003407 0.0
9.411187706546485 3.500000000003407 0.0
8.411187706545348 3.500000000003407 89.99999999999997
7.411187706544212 3.500000000003407 0.0
6.411187706543077 3.500000000003407 0.0
5.411187706541942 3.5000000000034066 0.0
11.409481794478424 4.500000000004542 0.0
10.408953282337077 4.5000000000045395 0.0
9.408943740144142 4.500000000004542 89.99999999999969
8.408942006019338 4.500000000004542 0.0
7.408942006018203 4.500000000004542 0.0
6.408942002758261 4.5000003569663 3.7343170333770104e-07
11.409424758991555 5.500000000005677 0.0
10.408158821128563 5.500000000005673 0.0
9.407662606894121 5.5000000000056755 89.99999999999969
8.407372969851874 5.500000000005677 0.0
7.40724266113389 5.5000112130483165 89.99892952040209
11.411187706548755 6.500000000006813 0.0
10.411187706547619 6.500000000006813 0.0
9.411187706546485 6.500000000006809 0.0
8.411187706545348 6.500000000006813 0.0
11.411187706548755 7.500000000007949 0.0
10.411187706547619 7.500000000007949 0.0
9.411187706546485 7.500000000007949 0.0
11.411187706548755 8.500000000009084 0.0
10.411187706547619 8.500000000009084 0.0
11.411187706548755 9.50000000001022 0.0
11.411187706548755 11.411187706548754 0.0
0.5 0.5 0.0
0.7070936068041576 1.9190060620368756 44.650247404104476
1.454348186430904 1.2515337066096448 44.650247404104476
1.4185114490649813 2.621783754533188 44.6495695169249
2.167323102828843 1.9527267806448485 44.65024740410447
2.123855095860342 3.3307102567322473 44.65024740410447
2.8711012585866746 2.663229586541542 44.65024740410447
2.828600453020768 4.05800086375326 44.577993336172426
3.575039114661655 3.378057414711662 45.02060840103607
3.5779964066203904 4.784821090839646 45.34975259589551
4.289363681328674 4.08200062715653 45.34975259589551
4.289972115224684 5.487144725738012 45.34971003766033
5.00510593829131 4.782318823907139 45.205128945929225
4.988070570504968 6.203211897240437 45.346841884456104
5.701175641505489 5.500392966476504 45.205128945929225
9.957048317646436 11.178540209906467 44.97699957848112
10.65965399993911 10.45683952011785 45.34975259589554
9.254036348741142 10.45688157053327 45.34975259589554
9.958807760336867 9.743521978034323 45.34975259589548
8.545117686195859 9.751538494599505 45.34975259589548
9.247958120007215 9.040086447962079 45.34975259589548
7.805495759924208 9.068686978296151 44.65024740410444
8.536657569218846 8.332593310142085 44.97730565186519
7.126387152807589 8.333211587814393 44.65024740410444
7.829187078919784 7.621824024753372 44.65024740410444
6.429096295581315 7.616119997121716 44.65207632714487
7.131978243797844 6.904649409713721 44.65207632714487
5.707093744231891 6.924064766447449 44.65207632714487
6.409893669986032 6.212677203748856 44.65207632714487
