343 18.978232523639623
1.54551153066926 17.727349707266242 31.681945943459468
0.6604574844141826 16.03729669295173 24.071663814397766
1.5508752236218477 16.49580659245607 24.07166381439778
2.4139330144759557 17.015561666501135 24.071663814397784
0.6430914525047733 14.930895255384776 20.432026416974697
1.5676380531038596 15.313653678322002 20.432026416974754
2.4635710369868544 15.773220359906587 20.432026416974757
3.3351410711316776 16.29818512672692 20.432026416974754
0.6427874843287356 13.863504891430615 20.372853933626324
1.5830662056844043 14.214830949231791 20.806268383999313
2.5135509416789166 14.60201970356682 21.696070501795273
3.4077688785291 15.059520587952566 21.6960705017952
0.6424577121092465 11.728502512494995 20.308808658936645
1.5805024941420616 12.075017086774842 20.308808658936673
2.5185472761748704 12.421531661054704 20.308808658936673
3.439366174811296 13.879413259555669 20.106941009705903
4.336819488497743 14.336819488499852 20.106941009705896
0.634318372254711 10.655587331444881 18.774481877002824
1.575650560140934 10.993494963636243 18.774481877002838
2.5140165710846727 11.340128420245012 18.77448187700285
3.4523825820284086 11.686761876853794 18.77448187700284
4.389245619431262 12.037816743066946 18.77448187700283
1.5811633174330222 9.921303321655966 19.53983173639727
2.5216818233094935 10.261092809305572 19.539831736397286
3.4598023204610246 10.607639132790174 19.539831736397293
4.397922817612551 10.954185456274784 19.539831736397282
5.3463537946232105 11.302894806084455 18.33063054768805
2.535266909858719 9.198045015655355 20.274477755299586
3.474861756007556 9.540362954528428 20.2744777552993
4.412905139080531 9.886880791693317 20.27447775529911
5.350948522153503 10.233398628858215 20.274477755299074
1.6295946509367942 8.752059528112921 20.864868328663526
3.4761362808444893 8.474784994651959 20.27447775529921
4.414179663917463 8.821302831816851 20.27447775529911
5.352223046990435 9.167820668981747 20.27447775529906
4.3563206986970355 7.733880670010659 20.274477755299102
5.294364081770016 8.080398507175559 20.274477755299067
2.5360081592483326 8.032909227237619 24.91139482380126
3.397629414556178 7.330463799071138 24.984896047978474
4.283063192136935 6.618482938099689 22.723244505839272
5.233473262145933 6.991856363447942 20.274477755299102
2.5159054421196867 13.493048974846708 20.106941009705906
1.5794616464529083 13.142149264138771 20.10694100970593
4.378288507599782 13.158735222559532 20.308808658936638
0.6414130351389229 12.795633272695484 20.106941009705903
3.454971817647908 12.772424246054722 20.308808658936666
5.921312400607447 5.9662776070018175 73.18040710140401
17.34330201355112 1.6057411644509445 72.36513641777987
15.882255248425007 0.6378428631078812 70.77538545352624
16.263177051904627 1.564775623247975 70.772109694772
16.573149788004585 2.531451336645782 72.38680328396069
14.80977123419731 0.6278552131396928 72.38680328396076
15.134396529208637 1.573980436444197 72.38680328396075
15.514746687513732 2.5024145643890687 72.38680328396075
15.8173361149742 3.4555355632079845 72.38680328396075
16.120592004910698 4.408444978713454 72.38680328396075
13.752694958369526 0.6188697851928691 73.92968226019127
14.047243933530527 1.574684318267571 73.92968226019127
14.37130703008421 2.521996599146747 73.92968226019127
14.75329223779713 3.452623023441512 73.92968226019127
15.055991407403443 4.4060896970731145 73.92968226019127
11.662249111346524 0.6203497908885414 73.68079417434224
11.944098385045057 1.5811271464205081 73.53563680085799
12.229377135579602 2.539573699736284 73.53563680085799
13.607205105776426 3.481913112939555 73.68079417434235
13.989899447857626 4.411846367366123 73.68079417434235
14.292568392244208 5.3652098072768055 73.68079417434237
10.619263592523273 0.6192635925211611 73.86364846259349
10.899356695914445 1.5792390877810423 73.86364846259349
11.18135275273158 2.5386640155979876 73.86364846259349
11.466639294460672 3.4971369317475487 73.86364846259349
11.761182602282469 4.452931656214648 73.86364846259349
12.082385793878087 5.401013073651684 73.86364846259349
9.850842474303764 1.5655857197604357 73.51288542896647
10.133181470645535 2.5249016279579912 73.51288542896644
10.416258662763372 3.4857237180228076 73.32306453092622
10.704854506312419 4.448405500313633 72.74612398072583
10.999626444398732 5.404404296101055 72.69913186265362
9.092325021586749 2.553035765159687 74.32879842271028
9.37516686745955 3.512293378514773 74.32879842271026
9.65855280742575 4.471398348959918 74.32879842271026
9.947970084892471 5.428811257465614 74.32879842271026
8.728590877905331 1.6164720863265387 74.32879842271029
8.321132398644435 3.494030849028528 73.18040710169021
8.604497980527285 4.453063253293505 73.18040710169021
8.887862116517837 5.412096094638667 73.18040710169022
7.555245057618758 4.437972951970327 73.18040710169022
7.83860919360931 5.397005793315491 73.18040710169024
15.359362738446121 5.359362738444008 73.92968226019127
17.632682061629737 2.563423255184948 72.36524519805563
16.8766978273442 3.485815357524915 72.32517168636016
7.959554774362786 2.5422315956436314 71.12774963120381
7.219266164388191 3.450752697819956 68.11343463951016
6.479734763760977 4.37645975607013 71.82335036218099
6.777685387907512 5.343307382836775 73.1804071016902
7.067044533482305 6.3005279869154025 73.18040710169026
5.626304324869157 5.006030559778236 72.65874853262274
13.284039441965954 2.5345507920704833 73.68079417434232
13.229651191781848 5.372226634694076 73.535636800858
12.989510339457418 1.5788041337003094 73.68079417434234
12.84614030779044 4.442811317886369 73.53563680085797
12.70422928683808 0.6203497908885396 73.68079417434237
12.523897016825895 3.495289156395052 73.53563680085799
17.095988910588733 0.5002672896635953 89.99577507751334
1.5000000000003189 7.500000000001591 1.78e-13
3.500000000000748 5.500000000001178 2.28e-13
6.443689131330683 9.443689131331316 4.109193324460938
5.3899490303242255 12.3899490303257 11.300451540729137
6.332548321898521 8.380802640918438 10.453591022260508
6.23232766696283 7.310371430275707 14.554995418792293
0.5000000000001048 18.47823252363952 4.4e-14
18.397502082378942 0.5000000000001048 89.99999999999993
18.47823252363952 1.5000000000003189 89.99999999999984
0.5358674427274632 9.535867442729367 4.273355412210847
0.5000000000001048 8.5000000000018 7e-14
0.5000000000001048 7.500000000001588 3.1e-14
0.5000000000001048 6.500000000001377 3.9e-14
1.5000000000003206 6.5000000000013785 1.58e-13
2.5000000000005524 6.500000000001531 89.99999999999967
0.5000000000001066 5.500000000001165 4.6e-14
1.5000000000003233 5.500000000001167 1.49e-13
2.5000000000005356 5.5000000000012825 2.09e-13
0.5000000000001048 4.500000000000954 1.5e-14
1.500000000000318 4.500000000000955 9.9e-14
2.5000000000005285 4.5000000000009575 1.07e-13
3.50000000000074 4.5000000000009654 1.21e-13
4.500000000000951 4.500000000000953 1.31e-13
0.5000000000001048 3.5000000000007407 1.4e-14
1.5000000000003189 3.5000000000007425 8.3e-14
2.500000000000531 3.5000000000007443 2.26e-13
3.5000000000007443 3.5000000000007505 3.34e-13
4.501352079235108 3.5000000000007425 1.44e-13
5.503460610715406 3.5016250735550543 0.019335121803067
0.5000000000001048 2.5000000000005294 0.0
1.5000000000003189 2.500000000000531 9.9e-14
2.5000000000005294 2.500000000000531 1.14e-13
3.5000000000007416 2.500000000000534 1.07e-13
4.500000000000954 2.5000000000005294 9.1e-14
5.500000000001165 2.500000000000531 6.9e-14
6.500000000001377 2.5000000000005294 89.99999999999997
0.5000000000001048 1.500000000000318 7e-15
1.500000000000317 1.5000000000003189 1.9e-14
2.5000000000005276 1.5000000000003189 2.4e-14
3.50000000000074 1.5000000000003206 2.4e-14
4.500000000000951 1.5000000000003189 2.2e-14
5.500000000001162 1.5000000000003189 1.9e-14
6.500000000001375 1.5000000000003189 89.99999999999993
7.500000000001587 1.5000000000003189 89.99999999999983
0.5000000000001048 0.5000000000001048 0.0
1.500000000000317 0.5000000000001048 0.0
2.5000000000005285 0.5000000000001048 89.99999999999997
3.50000000000074 0.5000000000001048 89.99999999999999
4.500000000000951 0.5000000000001048 89.99999999999997
5.500000000001162 0.5000000000001048 89.99999999999999
6.500000000001373 0.5000000000001048 0.0
7.500000000001585 0.5000000000001048 0.0
8.500000000001796 0.5020468899474952 0.0
9.500000000002007 0.5000000000001048 4e-15
3.47823252363634 18.478232523639512 1.32e-13
4.478232523636552 18.47823252363952 1.45e-13
5.4782325236367635 18.47823252363952 1.63e-13
6.478232523636978 16.478232523639093 2.11e-13
7.478232523637179 15.478232523638884 2e-13
8.4782325236374 15.478232523638882 2.62e-13
9.478232523637613 16.478232523639093 1.72e-13
10.478232523637823 18.47823252363952 8.5e-14
11.478232523638034 18.47823252363952 8.1e-14
12.478232523638244 18.47823252363952 6.9e-14
14.47823252363867 18.47823252363952 1.68e-13
15.478232523638884 18.47823252363952 1.79e-13
16.478232523639093 18.47823252363952 1.52e-13
17.478232523639306 18.47823252363891 1.45e-13
18.47823252363952 18.47823252363891 1.3e-13
4.478232523636553 17.478232523639303 2.19e-13
5.4782325236367635 17.478232523639306 1.93e-13
6.478232523636976 17.478232523639306 1.78e-13
7.478232523637191 16.478232523639093 2.02e-13
8.478232523637402 16.478232523639093 1.98e-13
9.478232523637613 17.478232523639306 1.61e-13
10.478232523637825 17.47823252363931 9e-14
11.478232523638034 17.47823252363931 8e-14
12.478232523638246 17.47823252363931 6.6e-14
14.478232523638672 17.478232523639306 1.41e-13
15.478232523638884 17.478232523639306 1.43e-13
16.478232523639093 17.478232523639306 1.4e-13
17.478232523639306 17.478232523636052 1.46e-13
18.47823252363952 17.478232523636436 1.53e-13
5.478232523636767 16.478232523639093 2.79e-13
6.478232523636976 18.47823252363952 1.74e-13
7.478232523637188 17.478232523639306 1.93e-13
8.4782325236374 17.478232523639306 1.85e-13
9.478232523637612 18.47823252363952 1.42e-13
10.478232523637825 16.4782325236391 9.5e-14
11.478232523638038 16.478232523639093 9.3e-14
12.478232523638248 16.4782325236391 1.05e-13
14.478232523638672 16.478232523639093 1.37e-13
15.478232523638884 16.478232523639093 1.27e-13
16.478232523639093 16.478232523639093 1.2e-13
17.478232523639306 16.478232523633864 1.08e-13
18.47823252363952 16.47823252363405 8.8e-14
6.478232523636965 15.478232523638884 1.36e-13
7.478232523637187 18.47823252363952 1.87e-13
8.478232523637399 18.47823252363952 1.66e-13
9.478232523637612 15.478232523638884 1.8e-13
10.478232523637827 15.478232523638885 1.07e-13
11.478232523638038 15.478232523638884 1.26e-13
12.478232523638248 15.478232523638884 1.16e-13
14.478232523638672 15.478232523638884 1.3e-13
15.478232523638884 15.478232523638884 1.31e-13
16.478232523639093 15.478232523638885 1.34e-13
17.478232523639306 15.478232523631817 1.25e-13
18.47823252363952 15.47823252363192 1.07e-13
6.47823252363698 14.478232523638667 3.36e-13
7.478232523637192 14.47823252363867 3.31e-13
8.478232523637404 14.478232523638669 3.11e-13
9.478232523637615 14.478232523638672 1.68e-13
10.478232523637828 14.478232523638674 1.5e-13
11.478232523638038 14.478232523638672 1.47e-13
12.47823252363825 14.478232523638672 1.44e-13
14.478232523638674 14.478232523638672 1.19e-13
15.478232523638884 14.478232523638672 1.28e-13
16.478232523639093 14.478232523638672 1.36e-13
17.478232523639306 14.478232523630492 1.54e-13
18.47823252363952 14.478232523628078 1.65e-13
6.478232523636978 13.478232523638455 3.81e-13
7.47823252363719 13.478232523638457 3.75e-13
8.478232523637402 13.478232523638457 3.64e-13
9.478232523637615 13.47823252363846 1.65e-13
10.478232523637827 13.47823252363846 1.53e-13
11.478232523638038 13.478232523638459 1.37e-13
12.478232523638248 13.47823252363846 1.35e-13
14.478232523638672 13.47823252363846 1.14e-13
15.478232523638884 13.47823252363846 1.15e-13
16.478232523639093 13.47823252363846 1.27e-13
17.478232523639306 13.478232523629659 1.67e-13
18.47823252363952 13.478232523626078 1.76e-13
7.4782325236371845 10.478232523637821 5.74e-13
8.478232523637397 11.478232523638027 4.49e-13
9.478232523637612 11.478232523638038 1.65e-13
10.478232523637825 11.478232523638038 1.46e-13
11.478232523638034 11.478232523638038 1.5e-13
12.478232523638248 11.478232523638038 1.37e-13
14.47823252363867 11.478232523638038 1.08e-13
15.478232523638884 11.478232523638038 1.05e-13
16.478232523639093 11.478232523638038 1.1e-13
17.478232523639306 11.478232523627877 1.32e-13
18.47823252363952 11.478232523623404 1.52e-13
7.421220538383912 8.477442177756398 0.090638697121317
8.338880214164123 7.478167347891332 0.007469077182441
9.400674530106716 7.460037584345285 87.59349849724974
10.478232523637828 7.478232523637193 1.15e-13
11.478232523638038 10.478232523637827 1.8e-13
12.478232523638248 10.478232523637828 1.45e-13
14.478232523638672 10.478232523637828 8.3e-14
15.478232523638884 10.478232523637828 8e-14
16.478232523639093 10.478232523637827 1.16e-13
17.478232523639306 10.478232523626916 1.6e-13
18.47823252363952 10.478232523622358 1.71e-13
7.478232523637175 9.4782325236376 1.802e-12
8.422010884265168 8.478232523637372 2.14e-12
9.478232523637612 8.4782325236374 89.99999999999976
10.478232523637827 8.478232523637404 1.27e-13
11.478232523638038 9.478232523637615 1.63e-13
12.478232523638248 9.478232523637615 1.53e-13
14.47823252363867 9.478232523637617 8.9e-14
15.478232523638884 9.478232523637617 8.8e-14
16.478232523639093 9.478232523637617 8.9e-14
17.478232523639306 9.478232523625898 8.8e-14
18.47823252363952 9.478232523621426 2.8e-14
7.478232523637185 11.478232523638034 5.51e-13
8.478232523637388 9.478232523637592 1.498e-12
9.478232523637615 9.478232523637615 1.33e-13
10.478232523637825 9.478232523637615 1.51e-13
11.478232523638038 8.4782325236374 1.33e-13
12.478232523638248 8.478232523637404 1.3e-13
14.478232523638672 8.478232523637406 8.4e-14
15.478232523638884 8.478232523637406 8.5e-14
16.478232523639093 8.478232523637404 1.03e-13
17.478232523639306 8.478232523624802 1.25e-13
18.47823252363952 8.478232523620582 1.29e-13
7.331483145273408 7.4706163398090215 0.861620815141416
8.478232523637399 10.478232523637814 4.12e-13
9.478232523637615 10.478232523637827 1.58e-13
10.478232523637827 10.478232523637828 1.68e-13
11.478232523638038 7.478232523637187 1.02e-13
12.47823252363825 7.478232523637193 9.9e-14
14.478232523638674 7.478232523637195 1e-13
15.478232523638884 7.478232523637195 9.6e-14
16.478232523639093 7.4782325236371925 1.1e-13
17.478232523639306 7.478232523623588 1.07e-13
18.47823252363952 7.4782325236198055 1.01e-13
12.417785752273284 6.421653218390913 83.08263433378679
14.478232523638672 6.478232523636983 8.6e-14
15.478232523638884 6.478232523636983 9.1e-14
16.478232523639093 6.47823252363698 9.4e-14
17.478232523639306 6.478232523622185 1.04e-13
18.47823252363952 6.478232523619089 1.09e-13
16.478232523639093 5.478232523636769 1.15e-13
17.478232523639306 5.478232523620375 1.18e-13
18.47823252363952 5.478232523618427 1.19e-13
17.478232523605502 4.478232523612963 89.99999999949642
18.478232523628726 4.478232523617702 89.99999999997858
18.478232523638844 3.4782325236170797 89.99999999996403
0.6880900884107195 17.21258855006413 31.681945943459354
4.4782325236365566 16.478232523639093 3.16e-13
4.478232523636538 15.47823252363888 3.22e-13
5.47823252363677 14.478232523638667 3.59e-13
5.478232523636751 15.478232523638878 3.15e-13
2.4782325236361276 18.47823252363952 1.11e-13
3.4782325236363407 17.478232523639303 2.48e-13
6.478232523636973 11.478232523638031 5.89e-13
6.478232523636974 10.47823252363782 5.97e-13
4.600612272941003 5.500000000001165 1.32e-13
11.319491833219892 6.3521597066103945 72.69913186265384
10.242894996440105 6.384679026439004 74.32879842271028
9.177221262092626 6.369316698717292 73.18040710169024
8.1279683391841 6.354226397394118 73.18040710169029
13.478232523638459 10.478232523637828 1.35e-13
13.478232523638463 7.478232523637193 9.7e-14
13.459536685188883 6.459536685187404 87.81544449587273
13.478232523638459 11.478232523638038 1.37e-13
13.478232523638459 13.47823252363846 1.28e-13
13.47823252363846 9.478232523637617 1.38e-13
13.47823252363846 15.478232523638885 1.22e-13
13.47823252363846 14.478232523638672 1.29e-13
13.478232523638459 16.478232523639093 1.27e-13
13.478232523638459 17.478232523639306 1.22e-13
13.478232523638459 18.47823252363952 1.75e-13
13.478232523638459 8.478232523637404 1.1e-13
5.478232523636766 13.478232523638455 4.02e-13
18.47823252363952 12.478232523624612 1.34e-13
17.478232523639306 12.478232523628789 1.46e-13
7.478232523637191 12.478232523638246 5.25e-13
15.478232523638884 12.47823252363825 1.11e-13
14.478232523638672 12.47823252363825 1.1e-13
12.47823252363825 12.47823252363825 1.52e-13
11.478232523638038 12.47823252363825 1.54e-13
10.478232523637828 12.47823252363825 1.63e-13
9.478232523637617 12.478232523638248 1.68e-13
8.478232523637402 12.478232523638244 4.87e-13
16.478232523639093 12.47823252363825 1.17e-13
13.47823252363846 12.47823252363825 1.44e-13
6.478232523636978 12.47823252363824 5.68e-13
