343 18.97823252363561127954072978078661119785981371599662677763900397872968
1.545511530703180081418550192735730851232278103986508058115945956740079 17.72734970721183458750637174150258834905841992910365134920555013268053 31.68194593292983474588950418193375284281507508612966049777840391998991
0.6604574843647971173894486033478736524427275910584338828714893253681022 16.03729669309983173221569530462850893965436728499182098688633074523716 24.0716638032264468053491069755175113743959670079168580615165820348592
1.550875223650544202438289165729858301038946999277303179248975072714371 16.49580659245536958251600633442051507550950844156956510798971641917356 24.07166380322644680534910697551751137439596700791685806151658203485918
2.413933014574420681182718874651605561237993121596646344637823087698826 17.01556166640231194138199479081312051666644754923385839230090484830408 24.07166380322644680534910697551751137439596700791685806151658203485918
0.6430914521918209900092543316959617764051235565607034261671253896222468 14.93089525545863420488757868961261646179559720644120975967840629898471 20.43202635601076685637260331735551473373380193384090378715227459502449
1.567638053017901189752111748460167110974751077404445041220617359803722 15.31365367789541504432307371252135609835391351014406993145796021439699 20.43202635601076685637260331735551473373380193384090378715227459502441
2.463571036875822821096079980882076172508866129322200247894654133049065 15.77322035990601080897532579761603488954930821327177453964695926529773 20.4320263560107668563726033173555147337338019338409037871522745950244
3.335141071443790289531475449090649421454690159435923351471878589107433 16.29818512616191040900166105655010659218366752746143878657306600960807 20.43202635601076685637260331735551473373380193384090378715227459502447
0.6427874843879763540901579956555719127244506049557049437949072176463857 13.8635048922372700057816549081604486693566996309568667499177266877924 20.37285394517199674078284958601061587669952068681219254630226701070418
1.583066204916701167946163743652662163859793090138003373434349281278099 14.21483094820667952051815410847667075735357090920947983039681323774822 20.80626823247057948820364374073138184001030722107026565925556019797183
2.513550942075444648833851971394572426797998801327297455642498527871881 14.60201970272952848629280699667244425016917766111141123650126932854742 21.69607048372624270741612341813809875663897870494567038354410316442665
3.407768878624617303214632596223291924765926639523918633729033366903753 15.05952058795188737148477061253280237882417346434660649920421753765544 21.69607048372624270741612341813809875663897870494567038354410316442665
0.6424577120451836901531789294031534090256754167854536858352557419938234 11.72850251287279702019655904745146128719059636430215150328118775444135 20.30880864653618819283835198676979073659327435687465280286535705661715
1.580502494086816327633265844667647805968048809247394307663118972408786 12.07501708712783071546693699530245289248970126876708213751120487432625 20.30880864653618819283835198676979073659327435687465280286535705661715
2.518547276128448965113352759932142202910422201709334929490982202823748 12.42153166138286441073731494315344449778880617323201277174122199421115 20.30880864653618819283835198676979073659327435687465280286535705661715
3.439366175307682965250683610038069328971883582313377417083784235782069 13.87941325850686105276817751841642391222615555577183518150401185623141 20.10694098613952814361071643728660396356131017026387118030044803326922
4.336819488619245250066326031937537813158654777762150025572022907512825 14.33681948861924525006632603193753781315865477776215002557202290751283 20.10694098613952814361071643728660396356131017026387118030044803326923
0.6343183721129954661721882128757194331536260474739606316795605081618979 10.65558733184385968833872132043244368592634812133230629254896397287919 18.77448185104203779647187830628247514547520218288654109148837991646177
1.575650560101506442884068665532345587770897063363206169983762807985423 10.99349496375753750727517903340918406663911315076377764496976204794674 18.77448185104203779647187830628247514547520218288654109148837991646177
2.514016571064679854671331285302919124352993142287718316074294665770714 11.34012842034534149299319038872852686203612520251656218598696080497077 18.77448185104203779647187830628247514547520218288654109148837991646176
3.452382582027853266458593905073492660935089221212230462164826523556005 11.6867618769331454787112017440478696574331372542693467270041595619948 18.77448185104203779647187830628247514547520218288654109148837991646176
4.389245620012575894522922772461681771074165649290070850347959956295371 12.03781674147734688542405751916898945280901471889274219784715667641644 18.77448185104203779647187830628247514547520218288654109148837991646176
1.58116331773613175337039415285206080408525758030688406987168580089851 9.921303321655624865486000708486787280499539583373166692930738435763511 19.53983169160201952541810168305698985361003033887886507290080071489082
2.521681823654683034718713578741962049562007477967908108064265294346428 10.26109280919924339391842701564250174020050854346088252126478802429833 19.53983169160201952541810168305698985361003033887886507290080071489082
3.459802320824176655184295987925218971347586373859001292677099074366012 10.60763913266257100106596689111376228297576542106086212062972696640098 19.53983169160201952541810168305698985361003033887886507290080071489082
4.397922817993670275649878397108475893133165269750094477289932854385595 10.95418545612589860821350676658502282575102229866084171999466590850363 19.53983169160201952541810168305698985361003033887886507290080071489083
5.346353794080456587581173353772847491809648288783902199736521095345605 11.3028948049241488869733738989705950006935324972698157809737521970561 18.33063064546654703050836007580389197476763015068646647864495779385973
2.53526690998003703427688607050967450106391703384127011826395859025004 9.198045015358430145276345931409640919672595253166271473452859449263464 20.2744777537986617425230326286316175121519666867527042154114546486778
3.474861756228495669831878121659302732036716178155006053030811227892897 9.540362953960865540677812226646076601186222519208039276831065548342338 20.2744777537986617425230326286316175121519666867527042154114546486778
4.412905139310343277333948283095996847639102487539307115931061572569118 9.886880791101123152741563830765514544640245298334822929689833174058159 20.2744777537986617425230326286316175121519666867527042154114546486778
5.350948522392190884836018444532690963241488796923608178831311917245339 10.23339862824138076480531543488495248809426807746160658254860079977398 20.2744777537986617425230326286316175121519666867527042154114546486778
1.629594650439339537062724011865975761008198586719706456707093650064478 8.752059529409054225151374144724223012990914732789017634452841195096735 20.86486832838524365580261708385682793086469017516010774499639559556644
3.476136280802797699142230882804104763751329940290027204344230985073424 8.474784993997881881301099936746458306360081429234595576007691687739751 20.2744777537986617425230326286316175121519666867527042154114546486778
4.414179663884645306644301044240798879353716249674328267244481329749645 8.821302831138139493364851540865896249814104208361379228866459313455572 20.2744777537986617425230326286316175121519666867527042154114546486778
5.352223046966492914146371205677492994956102559058629330144731674425866 9.167820668278397105428603144985334193268126987488162881725226939171393 20.2744777537986617425230326286316175121519666867527042154114546486778
4.356320639737907931209230530070790081047790466372500814440079547371245 7.73388064757653926145235379164273315909752135371813097561793941637411 20.2744777537986617425230326286316175121519666867527042154114546486778
5.294364022819755538711300691507484196650176775756801877340329892047466 8.08039848471679687351610539576217110255154413284491462847670704208993 20.2744777537986617425230326286316175121519666867527042154114546486778
2.536008158587717701623296392771046202052416798789103273711700652906118 8.032909228425093490733363523759088755319658641880311893119154114749689 24.91139479521173894950102799506699622322696071544916483416524252811494
3.397629433557621146679147594097611908871678176246097396755355372781923 7.330463812012475792480106079280725182213551485327132769949188249585618 24.98488616800823977881333094138713060497208605507629278770692396913266
4.28306319251610675712174050904357751753586041363761989193149863972524 6.618482937878892957905754389787261676130335129187779911145115501271337 22.72324447280890001915745576016255717612494225085504010969740857394271
5.233473262379025287510818593623512266512252664886938145669945361338516 6.991856362864152412546910955489324230927882181268258188384011758598664 20.27447775379866174252303262863161751215196668675270421541145464867779
2.515905442617316389587950506775512353825970993250698908868975462871054 13.49304897374085395545459088724655580930038318609412167734553922030921 20.10694098613952814361071643728660396356131017026387118030044803326926
1.579461646340336812016194346694812999087467649853682282040836443132111 13.14214926469128246743751089706585883104611914144222313376468384542044 20.10694098613952814361071643728660396356131017026387118030044803326926
4.378288508156859810994558318614085085668269558596662753700844481689087 13.15873522128439266091934695040735186325768665737855165347794803976234 20.30880864653618819283835198676979073659327435687465280286535705661715
0.6414130350163660294744037488490733847011589382344767520669810712168541 12.79563327327239250658731781273654151618145167084584965008184747278597 20.10694098613952814361071643728660396356131017026387118030044803326927
3.454971818215423587779264689189147635235191131250188431562010050766141 12.772424244725907319870963050987153104195246842445907102574291695559 20.30880864653618819283835198676979073659327435687465280286535705661715
5.921312399887027933632294109420780391413051796993044245077591326596916 5.966277606142472163620150815737072445750822358776044222356948650889914 -16.81959285340359943821503477248055528116236443161775128299837919114441
17.34330201355112 1.6057411644509445 -17.63486358222013
15.882255248425007 0.6378428631078812 -19.22461454647376
16.263177051904627 1.564775623247975 -19.227890305228
16.57314978815354859278515664699916130449087843316290095537183049996332 2.531451336646741367497919092186188842129576963201082078497165002572092 -17.61319676165383537717309707304750040174913370123296519065032270115583
14.80977123284521647043496772799090517666439147194593885995981683947213 0.6278552133985118177418219485375949325673615566807373675124519867677529 -17.61319676165383537717309707304750040174913370123296519065032270115583
15.13439652920824806091475081932334295070050180036619926638020957226284 1.573980436254354536231073766314032126024760343932013707224810867617984 -17.61319676165383537717309707304750040174913370123296519065032270115583
15.51474668731045864962430727963488093999530707007387505821087458612017 2.502414564195267698607426834421122739325402056721093648704423476360213 -17.61319676165383537717309707304750040174913370123296519065032270115583
15.81733611552966639241336285772384689216641526828872321675110616754371 3.45553556277308359130201515340734665228901697186772022518909586847218 -17.61319676165383537717309707304750040174913370123296519065032270115583
16.12059200412079278220934775062983444391084362447549068417399541611417 4.408444978704865524603495548067282288304927528649819308868532880455371 -17.61319676165383537717309707304750040174913370123296519065032270115583
13.75269495678505580529955580823470415928088745411473055176276754344912 0.6188697854804855633256942926969228637087841287488805989106966848216874 -16.07031778800803493298396480736104234147319913068819018763385057961447
14.04724393269792767334536785744258863844633641470594434816474508160915 1.57468431832221935778610307961654840115923076879188969984893184371177 -16.07031778800803493298396480736104234147319913068819018763385057961447
14.37130703008383504086185951327605426441416586026059374700378276929265 2.521996598918389558909515790186124212923376591037657578938568061235914 -16.07031778800803493298396480736104234147319913068819018763385057961446
14.75329223811093860148095608329250845347126093693406443617507624740769 3.452623023026613167280181180348868744399719561938784298161790831297882 -16.07031778800803493298396480736104234147319913068819018763385057961446
15.05599140847589664072267277520391166798528696488486391379855663697661 4.406089696415869663823342227903442564815342584086226363342368330588004 -16.07031778800803493298396480736104234147319913068819018763385057961447
11.66224911135141415896577237277366652096247645243372087261553521356572 0.6203497908873971475952594376426068932297055745390052104938324475858296 -16.31920582548683703396983687930630892739726390435927482400536823293998
11.94409838528781644325089129909206080889133057423397501022585000165222 1.581127146717293447531327813476056852002759734012561817803177091815366 -16.46436323952179501351964518252438703114122161065809320133925290533032
12.22937713468357975990869279197249917875703760372204819829028809867572 2.539573700367976120788088998005064225107646619459207159444529399685764 -16.46436323952179501351964518252438703114122161065809320133925290533032
13.60720510577599989257478656777589152572893616892907600559361633293619 3.481913112939171219795391492697221262309830588783663457928722395519086 -16.31920582548683703396983687930630892739726390435927482400536823293998
13.98989944865995790829686601908935180100804979749118236038185080308949 4.411846367130813890623711187935317739528445129855550760868413880968911 -16.31920582548683703396983687930630892739726390435927482400536823293998
14.29256839381059916295863759522842875943971586114871499789224403995529 5.365209806817640990898701228514932085493113745510596793770732109057003 -16.31920582548683703396983687930630892739726390435927482400536823293998
10.61926359263910763981310176846213269069907429342635854268941168989927 0.6192635926391076398131017684621326906990742934263585426894116898992712 -16.13635155722652174944443120469026707139054502106566410097346473716195
10.8993566961250920420406638041867473695844868750860836282713786062287 1.57923908787052489313407662273560673295260287046231966874136503558022 -16.13635155722652174944443120469026707139054502106566410097346473716195
11.18135275321906023053555983158173183849407174766552038584101284039358 2.538664015605628593876304416634224235265339624984145383608099537681148 -16.13635155722652174944443120469026707139054502106566410097346473716195
11.46663929380710056250734789714127067482067177073023788106709922138182 3.497136932082343379591259149706698338255928021523960819852535919591187 -16.13635155722652174944443120469026707139054502106566410097346473716196
11.76118260238321706450705954734987546006131613245883421005216323970951 4.452931656324750180139618109295300167482094520911837383339251715133595 -16.13635155722652174944443120469026707139054502106566410097346473716196
12.08238579387758513928044324224188870398547344842632714031779760348578 5.401013073774635700446404451101109218283636099296493791244665836823264 -16.13635155722652174944443120469026707139054502106566410097346473716196
9.850842474303505810523193936202499115576954079717230913019620575075544 1.565585719843936088371884592510104804741331687169698963745595164032441 -16.48711458630471716966959490216901713118971712426700713649113537728139
10.13318147105183218256669483418310924510550541837094969475820204193158 2.524901627921366745173823543872397332175438075988050924752809092095791 -16.48711458630471716966959490216901713118971712426700713649113537728139
10.4162586627340981137990520524352629767010551664000267015089237265794 3.485723716985707547721678381017199290275028759426001623722840551160911 -16.6769353598207152244310705031608851241233785414110966513418884474405
10.70485450543773867681525914463360352595877672068134112645885954654697 4.448405500004774992260287319641774452338606214831787307459972722317871 -17.25387596267580508359173115338416007752627712769564320359655008661914
10.99962644467889043382358896564551530707028285737890471674692778730534 5.404404296068195941778297951554802796948609059690176646864142221548691 -17.30086815051652046427181440803513307522863308985876675275867332550086
9.092325021586467722643938378068080578242558104447439218141501695039706 2.553035765294432643774329169282526083788734743666058838748101120410756 -15.67120155541513136151427298634618274982203285854507751676516804464113
9.375166867763205738766643844509798440794131008974529292431591079998634 3.512293378569271932882622325206258417237134551455333817658262105427515 -15.67120155541513136151427298634618274982203285854507751676516804464113
9.658552807112456661708741720640484525218491647002152456410417459011129 4.471398349192743740277106692171554108777041097937893204696118781382905 -15.67120155541513136151427298634618274982203285854507751676516804464113
9.947970083826399638041874249089465249312115495633448055123814459338579 5.428811257917356642430967515297771636630481905897707957716087846992862 -15.67120155541513136151427298634618274982203285854507751676516804464113
8.728590878721262371523758655103087986153702047889089846522405999856767 1.616472086193964396699714000164254696183519444946958013615512838781787 -15.67120155541513136151427298634618274982203285854507751676516804464113
8.321132399305396966995135868437530831995686602026184462318451550794803 3.494030849199566218221200065898962905504637418674815701319206789205662 -16.81959285340359943821503477248055528116236443161775128299837919114442
8.604497980572054647537825249794195032452107429073516998132094976292935 4.453063253645464430546560606120510032405668989722659013282338584474033 -16.81959285340359943821503477248055528116236443161775128299837919114442
8.887862115946495056838738214212774614495315239900915114463223390479584 5.412096095171523283252192108839153732686267587516144781069644809683529 -16.81959285340359943821503477248055528116236443161775128299837919114441
7.555245057869110195334388840030215727314256354949541004982970887214289 4.437972952140147564794916663382638141309328137075597319070343420695726 -16.81959285340359943821503477248055528116236443161775128299837919114441
7.838609193243550604635301804448795309357464165776939121314099301400938 5.397005793666206417500548166101281841589926734869083086857649645905222 -16.81959285340359943821503477248055528116236443161775128299837919114441
15.35936273815512571621503548808968833415102958724774617872830729390799 5.359362738155125716215035488089688334151029587247746178728307293907994 -16.07031778800803493298396480736104234147319913068819018763385057961447
17.63268206144597837513928719813181274658283120586605463829794706986893 2.563423255177396551236260348253805984160844923434591889621221979010519 -17.63475477948454102802809929339053548617374207082648466301761352581286
16.87669782667317142902048234394996586883557636374643806646918846791904 3.485815357914579024748686704604916362830760852543452939823642851482633 -17.67482816464459099380495218819916195889756066736607605952173373206338
7.959554774963306103134114822609647241141648051723987306582703403197925 2.542231595437005568950439151267891246021570388503615832790870706530162 -18.87225036873681136640528127879384705736864874674058545912914328464164
7.219266164959505507226032460927660926472524023265111153600153920133864 3.450752697597611872176312274607188097645303694985273517450452058233164 -21.88656534771811625636903902675723217077720075104143105485518237978643
6.479734764332611032787498217009170787974219980965792269647096304062398 4.376459756643558779000459737497524498868178593890599743434651292090382 -18.17664960459758480249195990834718096670588959421658664701765838605966
6.777685387980975375284399287644267777201032215495303533512791241055005 5.343307383668998867413966720854376976898904317269813818620362701432856 -16.81959285340359943821503477248055528116236443161775128299837919114441
7.067044532805473470262626432751211919163558144051675156952420240174671 6.300527987974210810617180277262516297092425553494194301554548496642677 -16.81959285340359943821503477248055528116236443161775128299837919114441
5.626304324710510315042250332272581734417167342089458434433826450701166 5.006030558585604203330443764299599778576320759190731011396589433692801 -17.34125143989241953818267360277530494985701258284514037475366130774122
13.28403944158575983156614608447110643821357424415170679653696858791524 2.534550792181373079987358356452333229445302283932511096554972202587313 -16.31920582548683703396983687930630892739726390435927482400536823293998
13.22965119279052500850665103661406054570264532691528301424599946840457 5.372226634647236915617915275693777227477678483552908235278874909646063 -16.46436323952179501351964518252438703114122161065809320133925290533033
12.98951033832194022189267126063818880913611538800798427825992280586146 1.578804134032511369360936359189216494619453029446436822331783622315171 -16.31920582548683703396983687930630892739726390435927482400536823293998
12.84614030778996653201847972584658091952333652262466650656598562873425 4.442811318214693781254614106467277547199420727807091093526274683795982 -16.46436323952179501351964518252438703114122161065809320133925290533033
12.70422928684184106775868130129103983506612402405958378183300384602495 0.6203497908873971475952594376426068932297055745390052104938324475858297 -16.31920582548683703396983687930630892739726390435927482400536823293998
12.52389701668224568052484019900856769561909790550368322956158989603631 3.495289156795663545017750430199192519606248086021396255140012366667427 -16.46436323952179501351964518252438703114122161065809320133925290533033
17.095988910588733 0.5002672896635953 -0.00422492248666
1.5 7.5 3.914534068728763777622195452272871983593388115552595764319328832858402e-81
3.5 5.5 -4.572386010431260841548282717545539109720937798040388989057722231101153e-69
6.443689130824577312556643601889069591228943170562505454717057010355339 9.443689130824577312556643601889069591228943170562505454717057010355339 4.109193386938093686131507429091786571618299478683740766738416390468863
5.38994902944753271761992518322254597820674743258713914107573303794296 12.38994902944753271761992518322254597820674743258713914107573303794296 11.30045166859453288183651867668164461643476166176538889432477487612188
6.332548249846693248041935181534380543965138861458322321450223119355793 8.380802624469063202090587329357957033800718790850149616723648572298421 10.45359245603600655383683807351597803022657484978676445281595468325154
6.232327665945580785392602371555404421479483483393464747935274249520804 7.310371430245205799063797035845123554482104504154097768942404900291865 14.55499554267560956726733081374239369249880355970746345186427210017245
0.5 18.47823252363561127954072978078661119785981371599662677763900397872968 1.207657179447148148951138537744468163991113623249574217677355548762142e-78
18.39750208237894199999999943432063183220171077964604565606876351584664 0.5 2.027040686899980095747968456653955220011983517693627178043576894391673e-80
18.47823252363561127954072978078661119785981371599662677763900397872968 1.5 4.016622272081735879357127430723206100832824477641074442514228542707759e-80
0.5358674437919451236613368933412577045690576222610970999397259491495809 9.535867443791945123661336893341257704569057622261097099939725949149581 4.273355544423962181427691340435814986225688298148054752136339050264391
0.5 8.5 4.056341037980324526956165773480683179362580168016841405614253370209203e-80
0.5 7.5 2.443547583539796522280160405636920264650717860248377470389358257694355e-80
0.5 6.5 4.632910699133574061953616435549074863875961198857057162334202357355306e-80
1.5 6.5 3.978397351967557288396604170803934728166557151169063143590730905727557e-80
2.5 6.5 1.104341338210693670674111238827233561564025306703538545308707889169666e-79
0.5 5.5 3.528486180585089387296943220258404007863836720802711888441566232806178e-80
1.5 5.5 1.515363846924558226864706562290705895019257057932097873553283089558281e-80
2.5 5.5 5.855118235105708227708144216361309208426291090742784980445827995692478e-80
0.5 4.5 -1.935178647647742462648981450876706750253403849353863448592246113419436e-80
1.5 4.5 -4.588601473379242743103657596781018356310766016532564705020024182752566e-69
2.5 4.5 -2.809949597810089327951334451870082615632080018907953114454503667039939e-79
3.5 4.5 -4.572385803211832275400860515001872700169755567236071726352301909927133e-69
4.5 4.5 -4.588600272009832969380308789952133297572557904124467271850603740381681e-69
0.5 3.5 -4.58860070115647489899922196781084040784101031964747109024647503781074e-69
1.5 3.5 -4.58860086021842464294272927392016143417923906837833564684090448430014e-69
2.5 3.5 -4.588599340919510112564783759395357152887875357249048688168860712507841e-69
3.5 3.5 -4.588599581146083459312530972538203624431172147523542424300788405330787e-69
4.501352079235108000000000199792458809312960872290442745644691325999819 3.5 -2.594261390328705210859464759990241839878701726892043829177338897609408e-69
5.503460610715406 3.5016250735550543 0.019335121803067
0.5 2.5 -3.020117244693029962859840864394629765617734349856564403001326439591126e-80
1.5 2.5 -3.107803891457406518254156170164873592835230701507344096947317554571631e-80
2.5 2.5 9.972519502809002152046973055405577324492580722861396599006691896230502e-81
3.5 2.5 -8.431356954684339386121558929378379671922677276291162047315595883148622e-70
4.5 2.5 -2.56183372160447071940762863381433726876211313302649405732435546842421e-69
5.5 2.5 -2.561832114056268854986608138329902298792925226169352137667971031048621e-69
6.5 2.5 -2.561831575542415623787949222448987281749990265630331692928802302168295e-69
0.5 1.5 1.915692726144547970606129349655739273530003995558297345052299659242457e-80
1.5 1.5 -8.431347643051056179970300984301366580187687114965451637373721832938832e-70
2.5 1.5 -8.532496876683841336905491537202708305732489184879841754364874330489886e-80
3.5 1.5 -8.431340498826878663883313078418581065390439429253818621868908127309645e-70
4.5 1.5 -2.529402091979854730465011007549233645365830606339030978586079890964838e-69
5.5 1.5 -2.561830015272021332949255123158711832075043208642654522581377423587788e-69
6.5 1.5 4.402083349456281905537120490073461555341584044131711522271251190666124e-71
7.5 1.5 -1.570862416267420258864239524426027256951176672274475442760914373044608e-71
0.5 0.5 3.020117244693029962859840864394629765617734349856640626568762987495794e-80
1.5 0.5 -8.431341294378546401766930150868067852534037792077117760577057178055957e-70
2.5 0.5 -8.431353446078563508413618489592484289242494208417804926020465528421758e-70
3.5 0.5 -8.431333451320826870204761904714953258474751965535852400612211524447286e-70
4.5 0.5 -2.496973601905927204885411494003675843920921197766593292843612620529712e-69
5.5 0.5 -2.626686212153605049220491341040223593408654512423685975964165888635678e-69
6.5 0.5 -2.561830687028295099121401171496933531002300073210410256878711636809119e-69
7.5 0.5 -1.570764042046115015629950160235631208007461132802929939415914182001134e-71
8.5 0.50204688994749520000000007317485028251290219815905385568881104184781 -1.570794968046700672256769845006082609016261058402672471415930246134126e-71
9.5 0.5 1.094681557796885416833025889266351844707128932185926343754606136756897e-80
3.47823252363561127954072978078661119785981371599662677763900397872968 18.47823252363561127954072978078661119785981371599662677763900397872968 -2.427785348656340129032991612137928225743348588334359272172485434029182e-79
4.47823252363561127954072978078661119785981371599662677763900397872968 18.47823252363561127954072978078661119785981371599662677763900397872968 -4.18609591365747473406068318536384077593172512770321633561721330468375e-79
5.47823252363561127954072978078661119785981371599662677763900397872968 18.47823252363561127954072978078661119785981371599662677763900397872968 -6.355946261062302920175292968789556058022543179852511811279551615334717e-69
6.47823252363561127954072978078661119785981371599662677763900397872968 16.47823252363561127954072978078661119785981371599662677763900397872968 -6.226226942240681699711383256301564419666931886567189808238870062367124e-69
7.47823252363561127954072978078661119785981371599662677763900397872968 15.47823252363561127954072978078661119785981371599662677763900397872968 -5.966798735922212158515767600342950015351554243598539970460092161319668e-69
8.47823252363561127954072978078661119785981371599662677763900397872968 15.47823252363561127954072978078661119785981371599662677763900397872968 1.35110204003995144671512469642050698066252056697572499271335389053063e-75
9.47823252363561127954072978078661119785981371599662677763900397872968 16.47823252363561127954072978078661119785981371599662677763900397872968 -3.2433684139905259606715504293074641655572128199615647212068024657342e-71
10.47823252363561127954072978078661119785981371599662677763900397872968 18.47823252363561127954072978078661119785981371599662677763900397872968 -6.130152369309115032085708599419487039228686820278684100571964483289737e-75
11.47823252363561127954072978078661119785981371599662677763900397872968 18.47823252363561127954072978078661119785981371599662677763900397872968 -5.936271789015400477330981153588692306693415098141633107337795261545443e-75
12.47823252363561127954072978078661119785981371599662677763900397872968 18.47823252363561127954072978078661119785981371599662677763900397872968 -3.854719019729912002857116763205787435942817557830224055190902218716458e-75
14.47823252363561127954072978078661119785981371599662677763900397872968 18.47823252363561127954072978078661119785981371599662677763900397872968 -1.714718161904289845721377442402613576483616251431472731834360301389326e-78
15.47823252363561127954072978078661119785981371599662677763900397872968 18.47823252363561127954072978078661119785981371599662677763900397872968 -2.853687638225673941250510307802556194909020694876479108960694260478033e-68
16.47823252363561127954072978078661119785981371599662677763900397872968 18.47823252363561127954072978078661119785981371599662677763900397872968 -4.939771005187107875978165171950818379858645468260043331651617701394795e-75
17.47823252363561127954072978078661119785981371599662677763900397872968 18.47823252363561127954072978078661119785981371599662677763900397872968 -2.374025566841656756344778666727062916561084517789231959675955512186274e-79
18.47823252363561127954072978078661119785981371599662677763900397872968 18.47823252363561127954072978078661119785981371599662677763900397872968 3.891371878654885365219716495100826810026027166792922979701628071297917e-70
4.47823252363561127954072978078661119785981371599662677763900397872968 17.47823252363561127954072978078661119785981371599662677763900397872968 1.463205661898399410162408853336952128263019242865057680713352642209474e-79
5.47823252363561127954072978078661119785981371599662677763900397872968 17.47823252363561127954072978078661119785981371599662677763900397872968 2.563732996146242504007549947831649125006069626404287741521826679627415e-79
6.47823252363561127954072978078661119785981371599662677763900397872968 17.47823252363561127954072978078661119785981371599662677763900397872968 -6.226229115697965726674778584990190618923740222530126639506125076932106e-69
7.47823252363561127954072978078661119785981371599662677763900397872968 16.47823252363561127954072978078661119785981371599662677763900397872968 1.497020908932083773534724607956202862743325046405807640264785742172728e-75
8.47823252363561127954072978078661119785981371599662677763900397872968 16.47823252363561127954072978078661119785981371599662677763900397872968 1.350715482783575433058327341885738811498331160702850938232734638705319e-75
9.47823252363561127954072978078661119785981371599662677763900397872968 17.47823252363561127954072978078661119785981371599662677763900397872968 -3.243368287135858722812736320418628168924874566483129397022812166579376e-71
10.47823252363561127954072978078661119785981371599662677763900397872968 17.47823252363561127954072978078661119785981371599662677763900397872968 -3.243368246164111479846827561529699153983624767652963138149938376037937e-71
11.47823252363561127954072978078661119785981371599662677763900397872968 17.47823252363561127954072978078661119785981371599662677763900397872968 -2.161218573370349339744597424698502747673096516755555731688633671674781e-75
12.47823252363561127954072978078661119785981371599662677763900397872968 17.47823252363561127954072978078661119785981371599662677763900397872968 -3.243368065484931655660264929598469843528118002087645915734258627091251e-71
14.47823252363561127954072978078661119785981371599662677763900397872968 17.47823252363561127954072978078661119785981371599662677763900397872968 -2.853687116945716278564450945517872888394189070095164502180043691474745e-68
15.47823252363561127954072978078661119785981371599662677763900397872968 17.47823252363561127954072978078661119785981371599662677763900397872968 -2.853687126639745293250178672524633333141541347804550075424808598707463e-68
16.47823252363561127954072978078661119785981371599662677763900397872968 17.47823252363561127954072978078661119785981371599662677763900397872968 1.415291656543460595988101695648959096450384826325425933615104983660232e-79
17.47823252363561127954072978078661119785981371599662677763900397872968 17.47823252363561127954072978078661119785981371599662677763900397872968 4.599611134901627913675776381289064490157971695090391707451101952523361e-79
18.47823252363561127954072978078661119785981371599662677763900397872968 17.47823252363561127954072978078661119785981371599662677763900397872968 2.594239992607483633507154648060860811104502603701331975969181852271344e-70
5.47823252363561127954072978078661119785981371599662677763900397872968 16.47823252363561127954072978078661119785981371599662677763900397872968 -6.031662537292949226340269795839429335013672855026542072452947211195789e-69
6.47823252363561127954072978078661119785981371599662677763900397872968 18.47823252363561127954072978078661119785981371599662677763900397872968 -5.96680542368059076312425424630443965594602271845988862864543825417033e-69
7.47823252363561127954072978078661119785981371599662677763900397872968 17.47823252363561127954072978078661119785981371599662677763900397872968 -2.303609865642016352617600250000016205491331864481999306797562974713328e-75
8.47823252363561127954072978078661119785981371599662677763900397872968 17.47823252363561127954072978078661119785981371599662677763900397872968 -3.243368325869528046426847779489949644004296525224627869912951170274774e-71
9.47823252363561127954072978078661119785981371599662677763900397872968 18.47823252363561127954072978078661119785981371599662677763900397872968 -3.243368150390085621775488698063186925865639476329602934827981683636091e-71
10.47823252363561127954072978078661119785981371599662677763900397872968 16.47823252363561127954072978078661119785981371599662677763900397872968 1.037702577822646486174540272705617182181837680522873111197105886074347e-69
11.47823252363561127954072978078661119785981371599662677763900397872968 16.47823252363561127954072978078661119785981371599662677763900397872968 7.458477447209764502675214851534523689282518024694822575288130606107973e-70
12.47823252363561127954072978078661119785981371599662677763900397872968 16.47823252363561127954072978078661119785981371599662677763900397872968 -3.243368063872138201219731560116541074580794359526995569682865779805784e-71
14.47823252363561127954072978078661119785981371599662677763900397872968 16.47823252363561127954072978078661119785981371599662677763900397872968 -2.85368766041086890814360356684872682718901618749951836546665073808001e-68
15.47823252363561127954072978078661119785981371599662677763900397872968 16.47823252363561127954072978078661119785981371599662677763900397872968 -8.209733232996689875498060353733955209481682351557204966421212737053866e-76
16.47823252363561127954072978078661119785981371599662677763900397872968 16.47823252363561127954072978078661119785981371599662677763900397872968 -3.808429576948156418303963648557639053027542386708806379478996895784401e-81
17.47823252363561127954072978078661119785981371599662677763900397872968 16.47823252363561127954072978078661119785981371599662677763900397872968 2.04960503266249460270303041909854892566327121012743471245325856880953e-79
18.47823252363561127954072978078661119785981371599662677763900397872968 16.47823252363561127954072978078661119785981371599662677763900397872968 -1.297146382341377349182960273067942284765800108886604316942302492128349e-70
6.47823252363561127954072978078661119785981371599662677763900397872968 15.47823252363561127954072978078661119785981371599662677763900397872968 -6.031658868755265512819066737428464265874095236864375264444622601194973e-69
7.47823252363561127954072978078661119785981371599662677763900397872968 18.47823252363561127954072978078661119785981371599662677763900397872968 -4.618304544543015329936654873316042343695554172549914726621019445856745e-75
8.47823252363561127954072978078661119785981371599662677763900397872968 18.47823252363561127954072978078661119785981371599662677763900397872968 -4.706036018938238326331714385574935706987839120547076826153463827580644e-75
9.47823252363561127954072978078661119785981371599662677763900397872968 15.47823252363561127954072978078661119785981371599662677763900397872968 -3.243368375559755908761461618569228372841547583962601955247961327903026e-71
10.47823252363561127954072978078661119785981371599662677763900397872968 15.47823252363561127954072978078661119785981371599662677763900397872968 7.782756683150573476147751002869563213677820567746153959932620712873461e-70
11.47823252363561127954072978078661119785981371599662677763900397872968 15.47823252363561127954072978078661119785981371599662677763900397872968 -2.905572617527374147188394437098253669638366031858309521341331351476523e-68
12.47823252363561127954072978078661119785981371599662677763900397872968 15.47823252363561127954072978078661119785981371599662677763900397872968 -2.905572579881329278739575103117226329474300751639760956391179958342341e-68
14.47823252363561127954072978078661119785981371599662677763900397872968 15.47823252363561127954072978078661119785981371599662677763900397872968 -2.905572944629138003843286746975240550573108146536798106024261325780082e-68
15.47823252363561127954072978078661119785981371599662677763900397872968 15.47823252363561127954072978078661119785981371599662677763900397872968 -2.905572335595040885902108261195151006241173849779731155539575176171661e-68
16.47823252363561127954072978078661119785981371599662677763900397872968 15.47823252363561127954072978078661119785981371599662677763900397872968 -2.905572268955332870582054450032769238434554166539110191260222494852389e-68
17.47823252363561127954072978078661119785981371599662677763900397872968 15.47823252363561127954072978078661119785981371599662677763900397872968 -2.032608254965938670094098573663531624374977799015886236678297434517003e-80
18.47823252363561127954072978078661119785981371599662677763900397872968 15.47823252363561127954072978078661119785981371599662677763900397872968 -4.237014326657438097257448226333141014011695639388981032771403540476679e-76
6.478232523635611279540729780786611197859813715996626777639003978729679 14.47823252363561127954072978078661119785981371599662677763900397872968 -6.031657251599565994635545603280437087602810687387321797759016095551354e-69
7.478232523635611279540729780786611197859813715996626777639003978729679 14.47823252363561127954072978078661119785981371599662677763900397872968 -6.031655872718319104611316804696111879931930347386891928588892824376518e-69
8.478232523635611279540729780786611197859813715996626777639003978729679 14.47823252363561127954072978078661119785981371599662677763900397872968 -7.510483379284262554496225140826320306152271603315742978734491045492309e-77
9.478232523635611279540729780786611197859813715996626777639003978729679 14.47823252363561127954072978078661119785981371599662677763900397872968 -3.243368384884035071538136888142821836015212099472448659611688657809293e-71
10.47823252363561127954072978078661119785981371599662677763900397872968 14.47823252363561127954072978078661119785981371599662677763900397872968 -3.243368347528460655921715531168844951516853047118767304555393769908717e-71
11.47823252363561127954072978078661119785981371599662677763900397872968 14.47823252363561127954072978078661119785981371599662677763900397872968 -2.905572411600972974105098822101890816067598603104116362983621295823237e-68
12.47823252363561127954072978078661119785981371599662677763900397872968 14.47823252363561127954072978078661119785981371599662677763900397872968 5.837071790971111980757486666423444144675306719790383512904180310829117e-70
14.47823252363561127954072978078661119785981371599662677763900397872968 14.47823252363561127954072978078661119785981371599662677763900397872968 -2.905572374847768642606116316783944178856995174554871448587390636432593e-68
15.47823252363561127954072978078661119785981371599662677763900397872968 14.47823252363561127954072978078661119785981371599662677763900397872968 -2.90557244321169967721719256552140623494530170709898147436756444747939e-68
16.47823252363561127954072978078661119785981371599662677763900397872968 14.47823252363561127954072978078661119785981371599662677763900397872968 -2.905572337408762998015373155899817234448237407018530427468919148255219e-68
17.47823252363561127954072978078661119785981371599662677763900397872968 14.47823252363561127954072978078661119785981371599662677763900397872968 -2.905572379039173266343398247221743289379991141069716727202761867896383e-68
18.47823252363561127954072978078661119785981371599662677763900397872968 14.47823252363561127954072978078661119785981371599662677763900397872968 -2.879629872245849397666241477884327233578158605634587084847356743222525e-68
6.478232523635611279540729780786611197859813715996626777639003978729681 13.47823252363561127954072978078661119785981371599662677763900397872968 -6.031654229456495762196824342945751940067051733884337355197923397913688e-69
7.478232523635611279540729780786611197859813715996626777639003978729681 13.47823252363561127954072978078661119785981371599662677763900397872968 1.009619435873269408367998092722964371395363458493460927842966872216288e-76
8.478232523635611279540729780786611197859813715996626777639003978729681 13.47823252363561127954072978078661119785981371599662677763900397872968 -2.594204409480892713578721017277429970648731549040127505048735850507213e-70
9.478232523635611279540729780786611197859813715996626777639003978729681 13.47823252363561127954072978078661119785981371599662677763900397872968 -2.594224506256903784000050253104067348649995629863396975514876490888124e-70
10.47823252363561127954072978078661119785981371599662677763900397872968 13.47823252363561127954072978078661119785981371599662677763900397872968 -3.243368440331084073057963719830816808636470895955997457533997114023543e-71
11.47823252363561127954072978078661119785981371599662677763900397872968 13.47823252363561127954072978078661119785981371599662677763900397872968 -3.242809094835155197552146724159069265664028109365438956722001397619044e-71
12.47823252363561127954072978078661119785981371599662677763900397872968 13.47823252363561127954072978078661119785981371599662677763900397872968 6.485639228266237255852648436515786048305304281152959830724791421864293e-70
14.47823252363561127954072978078661119785981371599662677763900397872968 13.47823252363561127954072978078661119785981371599662677763900397872968 1.649235597501472611120653946201674827985856866350437174753269098903599e-75
15.47823252363561127954072978078661119785981371599662677763900397872968 13.47823252363561127954072978078661119785981371599662677763900397872968 -2.905572429682112018810565208554648679120297496046144532021529144872816e-68
16.47823252363561127954072978078661119785981371599662677763900397872968 13.47823252363561127954072978078661119785981371599662677763900397872968 1.274263216378567479483837162709022825246791147400822504446223736499695e-75
17.47823252363561127954072978078661119785981371599662677763900397872968 13.47823252363561127954072978078661119785981371599662677763900397872968 -2.905572297471309123855898155117055400751307535262729613416028836754007e-68
18.47823252363561127954072978078661119785981371599662677763900397872968 13.47823252363561127954072978078661119785981371599662677763900397872968 -2.879629718358805054538344348911218736115079902268874919188558772317562e-68
7.47823252363561127954072978078661119785981371599662677763900397872968 10.47823252363561127954072978078661119785981371599662677763900397872968 -8.788055810134770807481143488808800160368015043956523196909325264629202e-69
8.478232523635611279540729780786611197859813715996626777639003978729681 11.47823252363561127954072978078661119785981371599662677763900397872968 -6.226225056250955000751352814243755539891723514546534131688035025319203e-69
9.478232523635611279540729780786611197859813715996626777639003978729681 11.47823252363561127954072978078661119785981371599662677763900397872968 -3.761677388960002732040001711633752456363523922166015472031639381757513e-69
10.47823252363561127954072978078661119785981371599662677763900397872968 11.47823252363561127954072978078661119785981371599662677763900397872968 -7.523356173234507269695528641491468357280550529415144659798345955638183e-69
11.47823252363561127954072978078661119785981371599662677763900397872968 11.47823252363561127954072978078661119785981371599662677763900397872968 1.297142047738205096313156367835300613085556758311899829390155508985728e-70
12.47823252363561127954072978078661119785981371599662677763900397872968 11.47823252363561127954072978078661119785981371599662677763900397872968 9.728603942209087850272833316876816319223085900483753684815840553316118e-71
14.47823252363561127954072978078661119785981371599662677763900397872968 11.47823252363561127954072978078661119785981371599662677763900397872968 -1.013391649966785359287266848967276659024173899332076441753177671353754e-72
15.47823252363561127954072978078661119785981371599662677763900397872968 11.47823252363561127954072978078661119785981371599662677763900397872968 -6.226226255816513214226404792512541342866940824693206326336341159745022e-69
16.47823252363561127954072978078661119785981371599662677763900397872968 11.47823252363561127954072978078661119785981371599662677763900397872968 2.234789331465326208103276864247576530265279601682360626511282270903107e-77
17.47823252363561127954072978078661119785981371599662677763900397872968 11.47823252363561127954072978078661119785981371599662677763900397872968 1.297140412154122118500738225496929763619762457706471571860209770961143e-70
18.47823252363561127954072978078661119785981371599662677763900397872968 11.47823252363561127954072978078661119785981371599662677763900397872968 -3.009342623703778312997789832245313104247487017965013436128899150893831e-68
7.421220547576727612673088144413769418028443124110756386114175813095523 8.477442178104281033567690381879988190446459583398094815108281143101164 0.09063865698827733196196054991811973993536140313904659406646452930813452
8.338880212239513840145647253095066679883609756049744798921574071926191 7.478167347913691786024039098764762931381657487083364494083419039781442 0.007469074440616342887549104588752763482009609232048965198542990896061392
9.40067453304190847046169717682015973541767185030549425845057643496814 7.46003757914645048926139496231386148303158890380012889234734951235645 -2.406502157175366131848126482795272906297827683381215883279726483373083
10.47823252363561127954072978078661119785981371599662677763900397872968 7.47823252363561127954072978078661119785981371599662677763900397872968 -7.685497645284062097602768721132167440146858068707931297615817722338903e-69
11.47823252363561127954072978078661119785981371599662677763900397872968 10.47823252363561127954072978078661119785981371599662677763900397872968 7.397724690096189336335975018435345530058173327647873714354667469694541e-71
12.47823252363561127954072978078661119785981371599662677763900397872968 10.47823252363561127954072978078661119785981371599662677763900397872968 7.397724653336670503379412387471916211265576712284559184635241107030599e-71
14.47823252363561127954072978078661119785981371599662677763900397872968 10.47823252363561127954072978078661119785981371599662677763900397872968 -1.013391084159761335946322943522133152389953421479412599692438250404543e-72
15.47823252363561127954072978078661119785981371599662677763900397872968 10.47823252363561127954072978078661119785981371599662677763900397872968 -6.226228710726830815424254830693542309393086162958244254737418143122161e-69
16.47823252363561127954072978078661119785981371599662677763900397872968 10.47823252363561127954072978078661119785981371599662677763900397872968 -6.226228159396509973850706154350230303766803403640454488810296082351597e-69
17.47823252363561127954072978078661119785981371599662677763900397872968 10.47823252363561127954072978078661119785981371599662677763900397872968 -6.226225885127809748641487080456818992114402088788687071755696418684363e-69
18.47823252363561127954072978078661119785981371599662677763900397872968 10.47823252363561127954072978078661119785981371599662677763900397872968 -3.009342709611853835380877982168701707089203110776032194213424344633124e-68
7.47823252363561127954072978078661119785981371599662677763900397872968 9.47823252363561127954072978078661119785981371599662677763900397872968 -8.788056873600313940410609212327456938303123720227710402549046756790857e-69
8.42201089310805785864612754332039242544179725670928834864489864872404 8.47823252363561127954072978078661119785981371599662677763900397872968 -9.728479664283157987337406275386304305110795576809322948451938242160274e-69
9.47823252363561127954072978078661119785981371599662677763900397872968 8.47823252363561127954072978078661119785981371599662677763900397872968 -1.042227534101595130056311859913771085233553240351505441163463945744506e-68
10.47823252363561127954072978078661119785981371599662677763900397872968 8.47823252363561127954072978078661119785981371599662677763900397872968 -7.685497645190819305975001539251957633426836565324929787509546136074646e-69
11.47823252363561127954072978078661119785981371599662677763900397872968 9.47823252363561127954072978078661119785981371599662677763900397872968 -7.263932350962407105644146459864119636821367491390162048856693891309036e-69
12.47823252363561127954072978078661119785981371599662677763900397872968 9.478232523635611279540729780786611197859813715996626777639003978729681 7.587338198638687444369094640522161569540925727650767192441430517737178e-71
14.47823252363561127954072978078661119785981371599662677763900397872968 9.47823252363561127954072978078661119785981371599662677763900397872968 -6.48565176950253956471472561951935945378562017642655464704563577012742e-69
15.47823252363561127954072978078661119785981371599662677763900397872968 9.478232523635611279540729780786611197859813715996626777639003978729681 -6.485654560425823261885136652201307363259836801934801620509745552369444e-69
16.47823252363561127954072978078661119785981371599662677763900397872968 9.47823252363561127954072978078661119785981371599662677763900397872968 -2.983400268510390564283049280731222862426394790738505444585690126350668e-68
17.47823252363561127954072978078661119785981371599662677763900397872968 9.47823252363561127954072978078661119785981371599662677763900397872968 -2.957457680358392168249055970211995218776449260368677099403300399287623e-68
18.47823252363561127954072978078661119785981371599662677763900397872968 9.47823252363561127954072978078661119785981371599662677763900397872968 -3.009342924166896474373341832753230452503175180282602792631362896518093e-68
7.478232523635611279540729780786611197859813715996626777639003978729681 11.47823252363561127954072978078661119785981371599662677763900397872968 -6.157315459206693418622944605659250811522322036295346712925952653616546e-69
8.47823252363561127954072978078661119785981371599662677763900397872968 9.47823252363561127954072978078661119785981371599662677763900397872968 -8.820487247605136137675986512550073192052341250903214499007405711565167e-69
9.47823252363561127954072978078661119785981371599662677763900397872968 9.47823252363561127954072978078661119785981371599662677763900397872968 -8.797431926056901785746966096871370163070498925007307659078532975370192e-69
10.47823252363561127954072978078661119785981371599662677763900397872968 9.47823252363561127954072978078661119785981371599662677763900397872968 -7.68549764440031027378086118291956984710786760543537989732567483823238e-69
11.47823252363561127954072978078661119785981371599662677763900397872968 8.47823252363561127954072978078661119785981371599662677763900397872968 -7.685497645657617841758933149294144145035984088345419632697697827700506e-69
12.47823252363561127954072978078661119785981371599662677763900397872968 8.478232523635611279540729780786611197859813715996626777639003978729681 -7.393644581255993921126977469017509860406276673137548198371133052953256e-69
14.47823252363561127954072978078661119785981371599662677763900397872968 8.47823252363561127954072978078661119785981371599662677763900397872968 -8.301635460765120154630969653758071306207084020262564894086419433667461e-69
15.47823252363561127954072978078661119785981371599662677763900397872968 8.478232523635611279540729780786611197859813715996626777639003978729681 -6.485654229459384527659459721695159515621428622183443805880613269252577e-69
16.47823252363561127954072978078661119785981371599662677763900397872968 8.47823252363561127954072978078661119785981371599662677763900397872968 -6.485654034974975644221330838844085181746970949607736127446381570156294e-69
17.47823252363561127954072978078661119785981371599662677763900397872968 8.47823252363561127954072978078661119785981371599662677763900397872968 -6.485653725111141197931488621168870632875684475634669770884423589796935e-69
18.47823252363561127954072978078661119785981371599662677763900397872968 8.47823252363561127954072978078661119785981371599662677763900397872968 -3.009342776639749651476080129757789493900661363291191077390780845528094e-68
7.331483147413383965655258117643699650031400134042313598727230777889666 7.470616343959397908734209792707998386962525461971126891561013572378678 0.8616203394517385131479123217579777560975448600247351434969685800105667
8.47823252363561127954072978078661119785981371599662677763900397872968 10.47823252363561127954072978078661119785981371599662677763900397872968 -6.157315458379048362080149838473778217876500420579569562354039773493146e-69
9.47823252363561127954072978078661119785981371599662677763900397872968 10.47823252363561127954072978078661119785981371599662677763900397872968 -6.157315810706421950890650543284899328879616512829525534811185744367056e-69
10.47823252363561127954072978078661119785981371599662677763900397872968 10.47823252363561127954072978078661119785981371599662677763900397872968 -7.685497644172579272892911672783985092870971592453078289880167182062689e-69
11.47823252363561127954072978078661119785981371599662677763900397872968 7.47823252363561127954072978078661119785981371599662677763900397872968 -7.685495863873281293600513465523854871515577350005551441730856872003708e-69
12.47823252363561127954072978078661119785981371599662677763900397872968 7.478232523635611279540729780786611197859813715996626777639003978729681 -7.458500417368535539479096510320232011737712554219416620172758110084343e-69
14.47823252363561127954072978078661119785981371599662677763900397872968 7.47823252363561127954072978078661119785981371599662677763900397872968 -7.782783333147740129401527481440680488716452198927394771141027417922739e-69
15.47823252363561127954072978078661119785981371599662677763900397872968 7.478232523635611279540729780786611197859813715996626777639003978729681 -6.485653084895448563502480382944897796353503787577718866575633765020643e-69
16.47823252363561127954072978078661119785981371599662677763900397872968 7.47823252363561127954072978078661119785981371599662677763900397872968 -6.485652681067459093521483335523992405787353731737548330448786756755336e-69
17.47823252363561127954072978078661119785981371599662677763900397872968 7.47823252363561127954072978078661119785981371599662677763900397872968 -6.48565391959555008136961739672382649872807093365340168855299671065192e-69
18.47823252363561127954072978078661119785981371599662677763900397872968 7.47823252363561127954072978078661119785981371599662677763900397872968 -1.445059736131313609993379468373032026533270553497180257162353968591313e-78
12.41778575314002292607881414624256141122356606577577317024102434142248 6.421653219009493176966575991376126831301812078463721992342071632534099 -6.917365584772338782827721009138245101134209447429027867613061809684566
14.47823252363561127954072978078661119785981371599662677763900397872968 6.47823252363561127954072978078661119785981371599662677763900397872968 -7.782784471468243508727411389078765632034490038443583431637216229469906e-69
15.47823252363561127954072978078661119785981371599662677763900397872968 6.478232523635611279540729780786611197859813715996626777639003978729681 -6.485653368286733152521942820528628947420632799907347876203535622569058e-69
16.47823252363561127954072978078661119785981371599662677763900397872968 6.47823252363561127954072978078661119785981371599662677763900397872968 -6.485653583280669690535269284513006070327329194494682417103326423686724e-69
17.47823252363561127954072978078661119785981371599662677763900397872968 6.47823252363561127954072978078661119785981371599662677763900397872968 -6.485654562798129795327685393584066338243511166115411524447523511796542e-69
18.47823252363561127954072978078661119785981371599662677763900397872968 6.47823252363561127954072978078661119785981371599662677763900397872968 -1.241959070293794197769232158243339516439417704532014548654272311589315e-78
16.47823252363561127954072978078661119785981371599662677763900397872968 5.47823252363561127954072978078661119785981371599662677763900397872968 -6.485653333187692220614982300700685877622812131714287293179543963388242e-69
17.47823252363561127954072978078661119785981371599662677763900397872968 5.47823252363561127954072978078661119785981371599662677763900397872968 -1.972358046416621697868873398256864669512378249621876451775892551720323e-78
18.47823252363561127954072978078661119785981371599662677763900397872968 5.47823252363561127954072978078661119785981371599662677763900397872968 -1.63740844560589634767988418942055147479067058835332050317112964122473e-78
17.47823252363561127954072978078661119785981371599662677763900397872968 4.47823252363561127954072978078661119785981371599662677763900397872968 -1.733486306773308443364097316424010394565381220241835777622401269968519e-78
18.47823252363561127954072978078661119785981371599662677763900397872968 4.47823252363561127954072978078661119785981371599662677763900397872968 -1.72777889879511459930529622691496672976212038310023560085356265197245e-78
18.47823252363561127954072978078661119785981371599662677763900397872968 3.47823252363561127954072978078661119785981371599662677763900397872968 -1.811505573914798928248838024838692704103074082244818658570336710375703e-78
0.6880900883806397992240114369472467055165189313585430806760223338305591 17.2125885501181179328607239629520616658152143732524043962394842485778 31.68194593292983474588950418193375284281507508612966049777840391998991
4.47823252363561127954072978078661119785981371599662677763900397872968 16.47823252363561127954072978078661119785981371599662677763900397872968 -5.966802703918009343608321063488133836230319821555083394432569347825488e-69
4.47823252363561127954072978078661119785981371599662677763900397872968 15.47823252363561127954072978078661119785981371599662677763900397872968 -5.966801556679852551147006616718068932680548672752068650162784443755231e-69
5.478232523635611279540729780786611197859813715996626777639003978729679 14.47823252363561127954072978078661119785981371599662677763900397872968 -5.966800667244669462294260792868336168168061230126331164981193827140102e-69
5.47823252363561127954072978078661119785981371599662677763900397872968 15.47823252363561127954072978078661119785981371599662677763900397872968 -5.966801712204846407652564428068832844762790035277363380982744321705841e-69
2.47823252363561127954072978078661119785981371599662677763900397872968 18.47823252363561127954072978078661119785981371599662677763900397872968 -3.908528339907614850274263526628929119449867101529572891675036299234758e-79
3.47823252363561127954072978078661119785981371599662677763900397872968 17.47823252363561127954072978078661119785981371599662677763900397872968 3.464896689178352199254048756706851094529441463127022289599352926739858e-79
6.478232523635611279540729780786611197859813715996626777639003978729681 11.47823252363561127954072978078661119785981371599662677763900397872968 -9.015052849552416241983843158478767091449603730702784159322393424583371e-69
6.47823252363561127954072978078661119785981371599662677763900397872968 10.47823252363561127954072978078661119785981371599662677763900397872968 -9.015052849198309713911671711631035397989823659543165789036102793540359e-69
4.600612273236283931508626377157314178866767990783884402391241194903689 5.5 -2.918544623104791781943789184740645674303010530869597269684438257837417e-69
11.31949183362249406695531237628915591586457135406172135279612597625439 6.352159706533505512546017372523673211556794415766361259135468161957562 -17.30086815051652046427181440803513307522863308985876675275867332550086
10.24289499662527733577426208657546147535050702656211939415742812594009 6.384679026549715014888907554740449164646116662528824185091782091197701 -15.67120155541513136151427298634618274982203285854507751676516804464113
9.177221260770993151816965359319718756457841168457286737902852389599249 6.369316699476735226455405665247293052879788823740525264003830604893349 -16.81959285340359943821503477248055528116236443161775128299837919114441
8.127968338068048699613528949555739451319990094333310744753728300520604 6.354226397971418360703761722509421161783447971093463569791835441115042 -16.81959285340359943821503477248055528116236443161775128299837919114441
13.47823252363561127954072978078661119785981371599662677763900397872968 10.47823252363561127954072978078661119785981371599662677763900397872968 -6.874790485307303410054671209259086545328706454339978169728435346243784e-69
13.47823252363561127954072978078661119785981371599662677763900397872968 7.47823252363561127954072978078661119785981371599662677763900397872968 -7.458499775357485070423771436012429890299338463879889664832950176385521e-69
13.45953668632552571788854748571359472886703207180416774297542973134556 6.459536686325525717888547485713594728867032071804167742975429731345564 -2.184555368274371505197339225285632395497698646331109869158576181184731
13.47823252363561127954072978078661119785981371599662677763900397872968 11.47823252363561127954072978078661119785981371599662677763900397872968 -1.013390755170716351785010664491696866203295723480408382828097099609836e-72
13.47823252363561127954072978078661119785981371599662677763900397872968 13.47823252363561127954072978078661119785981371599662677763900397872968 -1.297144431459002617565930163320913917188526490389080612523821521572242e-70
13.47823252363561127954072978078661119785981371599662677763900397872968 9.47823252363561127954072978078661119785981371599662677763900397872968 -7.004504795879931719682542516100692702302281518223456448226421705281249e-69
13.47823252363561127954072978078661119785981371599662677763900397872968 15.47823252363561127954072978078661119785981371599662677763900397872968 -2.905572571852215620008806164893454202848389753591383441546469807708314e-68
13.47823252363561127954072978078661119785981371599662677763900397872968 14.47823252363561127954072978078661119785981371599662677763900397872968 -2.905572421771613686751923653751955267232534608928309631990878603089495e-68
13.47823252363561127954072978078661119785981371599662677763900397872968 16.47823252363561127954072978078661119785981371599662677763900397872968 -2.905572636291088918076740369459780595142496130679522192103113812321742e-68
13.47823252363561127954072978078661119785981371599662677763900397872968 17.47823252363561127954072978078661119785981371599662677763900397872968 -3.243368053179507091196921857221122712883955035162924377690378317371474e-71
13.47823252363561127954072978078661119785981371599662677763900397872968 18.47823252363561127954072978078661119785981371599662677763900397872968 -2.26938351113452030037495246619069607196888119967138327847482404523424e-78
13.47823252363561127954072978078661119785981371599662677763900397872968 8.47823252363561127954072978078661119785981371599662677763900397872968 -7.458498781854340278023166301778120908456701806237820007406619772592999e-69
5.478232523635611279540729780786611197859813715996626777639003978729681 13.47823252363561127954072978078661119785981371599662677763900397872968 -5.966801831412390196441077217991227964286783147452958373717088595022869e-69
18.47823252363561127954072978078661119785981371599662677763900397872968 12.47823252363561127954072978078661119785981371599662677763900397872968 -2.905572312251733690501331997591447870395966486434949830805022517342175e-68
17.47823252363561127954072978078661119785981371599662677763900397872968 12.47823252363561127954072978078661119785981371599662677763900397872968 -2.905572389744658144651090186312663151818953381378948565815507117723345e-68
7.47823252363561127954072978078661119785981371599662677763900397872968 12.47823252363561127954072978078661119785981371599662677763900397872968 -6.157313611388910382002428804031858929394219302577214910747977156283906e-69
15.47823252363561127954072978078661119785981371599662677763900397872968 12.47823252363561127954072978078661119785981371599662677763900397872968 -1.013390916928534949043998853666437453621585039185910944167546623354418e-72
14.47823252363561127954072978078661119785981371599662677763900397872968 12.47823252363561127954072978078661119785981371599662677763900397872968 -1.013391795499239804514742357427001880968137572085799846533692110754641e-72
12.47823252363561127954072978078661119785981371599662677763900397872968 12.47823252363561127954072978078661119785981371599662677763900397872968 7.4859998917264063989237295289927528873187853945604274818386804437723e-71
11.47823252363561127954072978078661119785981371599662677763900397872968 12.47823252363561127954072978078661119785981371599662677763900397872968 7.485999925495036869449735424874249021368948660823045286450721199031624e-71
10.47823252363561127954072978078661119785981371599662677763900397872968 12.47823252363561127954072978078661119785981371599662677763900397872968 -1.965340222513908469127140734379705313609122136010483611747039227809755e-74
9.47823252363561127954072978078661119785981371599662677763900397872968 12.47823252363561127954072978078661119785981371599662677763900397872968 4.841175678585929098240053780908782176821277369903963053021518990938138e-72
8.47823252363561127954072978078661119785981371599662677763900397872968 12.47823252363561127954072978078661119785981371599662677763900397872968 3.759618120201024572086386628245906635640083151174667469538630584855979e-71
16.47823252363561127954072978078661119785981371599662677763900397872968 12.47823252363561127954072978078661119785981371599662677763900397872968 -1.013391323324725837796340342684140519649607515221259191259840158466581e-72
13.47823252363561127954072978078661119785981371599662677763900397872968 12.47823252363561127954072978078661119785981371599662677763900397872968 -1.013390313197374832985749306148535557144420411404427535577723220590848e-72
6.47823252363561127954072978078661119785981371599662677763900397872968 12.47823252363561127954072978078661119785981371599662677763900397872968 -6.08840242257211347950603773123729440337926268941155152715380761880254e-69
