344 18.994450514277464
0.5000000000000016 18.388020356687786 90.0
1.5000000000000047 18.49445051427746 9.569423556230336e-16
18.41712500992571 0.5000000000000016 0.0
18.49445051427746 1.5000000000000047 0.0
0.5000000000000017 9.500000000000032 89.99999999999999
0.5035290486404943 8.500000000000028 89.99999999999999
0.5000000000000455 7.500000000000025 2.548888520583595e-14
1.5000000000000486 7.500000000000025 4.49128206626231e-14
0.5000000000000457 6.500000000000021 2.353518536256936e-14
1.500000000000049 6.500000000000022 8.429085195868365e-16
2.500000000000053 6.500000000000022 6.082643170140444e-14
0.5000000000000648 5.500000000000018 2.4030906062789823e-14
1.5087621490829661 5.500000000000018 7.130138155244614e-14
2.518777183251937 5.500000000000019 1.4229929593435858e-13
3.5395095083542025 5.556900423911946 89.6992697320169
0.5000000000000433 4.500000000000015 2.4386195189690564e-14
1.5000000000000466 4.500000000000015 4.389298573564492e-14
2.50000000000005 4.500000000000015 3.9744275938298496e-14
3.5000000000000537 4.500000000000015 1.8269092342062833e-14
4.500000000000058 4.500000000000014 89.99999999999999
0.5000000000000017 3.5000000000000115 1.1118214119088835e-14
1.5000000000000049 3.5000000000000115 1.6818897761837703e-14
2.500000000000008 3.500000000000012 1.0316965054748552e-14
3.5000000000000107 3.500000000000012 1.0249077918122005e-14
4.500000000000015 3.5000000000000107 2.363212444690697e-15
5.500000000000018 3.5000000000000107 0.0
0.5000000000000017 2.5000000000000084 1.0496655782603577e-14
1.5000000000000049 2.5000000000000084 6.161565906902982e-15
2.5000000000000084 2.5000000000000084 90.0
3.5000000000000115 2.500000000000009 90.0
4.500000000000015 2.500000000000008 5.978569896770511e-15
5.500000000000018 2.500000000000008 0.0
6.500000000000043 2.500000000000071 2.4158453015843406e-12
0.5000000000000017 1.5000000000000049 2.058320122056776e-14
1.5000000000000049 1.5000000000000047 2.475124990341997e-15
2.5000000000000084 1.5000000000000053 0.0
3.5000000000000115 1.5000000000000053 0.0
4.500000000000015 1.5000000000000047 5.238296416928234e-16
5.500000000000018 1.5000000000000047 90.0
6.500000000000021 1.5000000000000466 89.99999999999999
7.500000000000024 1.5000000000000262 89.99999999999999
0.5000000000000016 0.5000000000000016 90.0
1.5000000000000049 0.5000000000000016 90.0
2.5000000000000084 0.5000000000000016 1.4210854715202004e-14
3.5000000000000115 0.5000000000000016 2.3689499221576608e-15
4.500000000000015 0.5000000000000016 90.0
5.500000000000018 0.5000000000000016 90.0
6.500000000000021 0.5000000000000434 90.0
7.500000000000024 0.5000000000000231 90.0
8.500000000000028 0.5006681565497002 89.99999999999999
9.500000000000032 0.5000000000000016 0.0
3.494450514277413 18.49445051427746 5.7257517302559555e-15
4.494450514277417 18.49445051427746 1.065452492710615e-14
5.494450514277419 18.49445051427746 1.3933665172060565e-14
6.494450514277423 18.49445051427746 1.2513431976993847e-14
7.494450514277426 18.49445051427746 1.0100082133751373e-14
8.49445051427743 18.49445051427746 8.424704458524297e-15
9.494450514277434 18.49445051427746 2.0752687108627773e-15
10.494450514277435 18.49445051427746 3.3255847344527063e-15
11.494450514277439 18.49445051427746 3.5331160711214553e-15
12.494450514277442 18.49445051427746 5.128380916452572e-15
14.494450514277448 18.49445051427746 90.0
15.494450514277451 18.49445051427746 90.0
16.494450514277453 18.49445051427746 90.0
17.494450514277457 18.49445051427746 90.0
18.49445051427746 18.49445051427746 90.0
4.494450514277417 17.494450514277457 1.5995112949122814e-14
5.494450514277419 17.494450514277457 1.4814485836839904e-14
6.494450514277423 17.494450514277457 1.3916177030313526e-14
7.494450514277426 17.494450514277457 1.5455609742940173e-14
8.49445051427743 17.494450514277457 4.7426048671137355e-15
9.494450514277434 17.494450514277457 3.7188596509581985e-15
10.494450514277435 17.494450514277457 4.491026236720282e-15
11.494450514277439 17.494450514277457 4.902221872239853e-15
12.494450514277442 17.494450514277457 5.158976019859906e-15
14.494450514277448 17.494450514277457 90.0
15.494450514277451 17.494450514277457 90.0
16.494450514277453 17.494450514277457 2.9548024143861987e-16
17.494450514277457 17.494450514277457 90.0
18.49445051427746 17.494450514277457 7.074555459208921e-16
5.494450514277419 16.494450514277453 1.5128517952774053e-14
6.494450514277424 16.494450514277453 6.5213658268279395e-15
7.4944505142774265 16.494450514277453 7.154870965446973e-15
8.49445051427743 16.494450514277453 4.803675296551816e-15
9.494450514277434 16.494450514277453 5.100301963307706e-15
10.494450514277435 16.494450514277453 3.7127149567972526e-15
11.494450514277439 16.494450514277453 3.930995715506444e-15
12.494450514277442 16.494450514277453 5.7762827131087876e-15
14.494450514277448 16.494450514277453 9.494399405720743e-16
15.494450514277451 16.494450514277453 90.0
16.494450514277453 16.494450514277453 0.0
17.494450514277457 16.494450514277453 0.0
18.49445051427746 16.494450514277453 0.0
6.494450514277423 15.494450514277451 90.0
7.494450514277426 15.494450514277451 1.8293767875631333e-14
8.49445051427743 15.494450514277451 1.0857818754087022e-14
9.494450514277434 15.494450514277451 1.426372992629951e-14
10.494450514277435 15.494450514277451 7.144467466187772e-15
11.494450514277439 15.494450514277451 6.369901659800459e-15
12.494450514277442 15.494450514277451 7.270363471511845e-15
14.494450514277448 15.494450514277451 90.0
15.494450514277451 15.494450514277451 1.2975451845713137e-15
16.494450514277453 15.494450514277451 1.6970552864227914e-15
17.494450514277457 15.494450514277451 90.0
18.49445051427746 15.494450514277451 90.0
6.494450514277422 14.494450514277446 2.6414709035195495e-14
7.494450514277425 14.494450514277448 2.0631591169604003e-14
8.494450514277428 14.494450514277448 1.8837740813318103e-14
9.494450514277432 14.494450514277448 1.643800068605973e-14
10.494450514277435 14.494450514277448 1.5571475723723256e-14
11.494450514277439 14.494450514277448 1.1004017776918979e-14
12.494450514277442 14.494450514277448 1.1140848451909276e-14
14.494450514277448 14.494450514277448 9.015302560152202e-15
15.494450514277451 14.494450514277448 9.343187294040208e-15
16.494450514277453 14.494450514277448 1.4210854715202004e-14
17.494450514277457 14.494450514277448 0.0
18.49445051427746 14.494450514277448 0.0
6.484988249082591 13.494450514277446 2.341789279589235e-14
7.4849882490826944 13.494450514277446 6.831164040264702e-14
8.484988249082763 13.494450514277446 9.186537920619346e-14
9.484988249082836 13.494450514277446 2.689754435441518e-14
10.48498824908289 13.494450514277446 1.4210854715202004e-14
11.484988249082983 13.494450514277446 2.842170943040401e-14
12.484988249082999 13.494450514277446 4.263256414560601e-14
14.484988249083022 13.494450514277446 1.4210854715202004e-14
15.484988249083035 13.494450514277446 1.4210854715202004e-14
16.484988249083045 13.494450514277446 2.842170943040401e-14
17.484988384716612 13.494450514277446 0.0
18.485010221739074 13.494450514277446 0.0
7.494450514277426 11.494450514277437 0.0
8.49445051427743 11.494450514277437 0.0
9.494450514277434 11.494450514277439 0.0
10.494450514277435 11.494450514277439 0.0
11.494450514277439 11.494450514277439 0.0
12.494450514277442 11.494450514277439 0.0
14.494450514277448 11.494450514277439 0.0
15.494450514277451 11.494450514277439 0.0
16.494450514277453 11.494450514277439 0.0
17.494450514277457 11.494450514277439 0.0
18.49445051427746 11.494450514277439 0.0
7.494450514277426 10.494450514277434 89.99999999999999
8.49445051427743 10.494450514277434 0.0
9.494450514277434 10.494450514277435 0.0
10.494450514277435 10.494450514277435 0.0
11.494450514277439 10.494450514277435 0.0
12.494450514277442 10.494450514277435 0.0
14.494450514277448 10.494450514277435 0.0
15.494450514277451 10.494450514277435 0.0
16.494450514277453 10.494450514277435 0.0
17.494450514277457 10.494450514277435 0.0
18.49445051427746 10.494450514277435 0.0
7.479456860708828 9.494450514277432 2.7503444652692634e-14
8.479456860708831 9.494450514277432 5.984396899106544e-14
9.479456860708837 9.494450514277432 9.947598300641403e-14
10.479456860708838 9.494450514277434 4.263256414560601e-14
11.479456860708844 9.494450514277434 1.4210854715202004e-14
12.47945686070885 9.494450514277434 2.842170943040401e-14
14.479456860708867 9.494450514277434 2.842170943040401e-14
15.479456860708874 9.494450514277434 1.4210854715202004e-14
16.479456996342435 9.494450514277434 2.842170943040401e-14
17.4794788333649 9.494450514277434 89.99999999999999
18.479646240362293 9.494450514277434 1.4210854715202004e-14
7.411673246877015 8.494450514277428 2.7328864516877904e-14
8.411933126819537 8.494450514277428 2.245311864128369e-14
9.416574455525572 8.494450514277428 1.9837223057423043e-14
10.424959427948307 8.49445051427743 1.3612993876655199e-14
11.43309161571993 8.49445051427743 6.4844625099102205e-15
12.443340484749891 8.49445051427743 1.4210854715202004e-14
14.461624911393923 8.49445051427743 4.263256414560601e-14
15.461836646266297 8.49445051427743 1.4210854715202004e-14
16.468963273705743 8.49445051427743 2.842170943040401e-14
17.473702109078566 8.49445051427743 89.99999999999999
18.480220199151827 8.49445051427743 1.4210854715202004e-14
7.494450514277423 7.494450514277425 90.0
8.494450514277426 7.494450514277425 2.3960242114279077e-14
9.49445051427743 7.494450514277425 4.00053550413834e-14
10.494450514277434 7.494450514277426 89.99999999999997
11.494450514277437 7.494450514277426 89.99999999999999
12.49445051427744 7.494450514277426 89.99999999999999
14.494450514277448 7.4944505142774265 1.4210854715202004e-14
15.494450514277451 7.4944505142774265 89.99999999999997
16.494450514277453 7.494450514277426 89.99999999999997
17.494450514277457 7.494450514277426 0.0
18.49445051427746 7.494450514277426 0.0
12.469503221765768 6.494450514277423 89.99999999999994
14.494450514277448 6.494450514277423 0.0
15.494450514277451 6.494450514277423 89.99999999999997
16.494450514277453 6.494450514277423 89.99999999999997
17.494450514277457 6.494450514277423 0.0
18.49445051427746 6.494450514277423 89.99999999999999
16.494450514277453 5.494450514277419 89.99999999999997
17.494450514277457 5.494450514277419 89.99999999999999
18.49445051427746 5.494450514277419 0.0
17.494450514277457 4.494450514277417 89.99999999999999
18.49445051427746 4.494450514277417 89.99999999999999
18.49445051427746 3.4944505142774127 0.0
5.938005774084612 5.764332409953903 70.64718574950443
0.6337833869508869 17.010198350723226 18.67655596652841
1.5818209233174314 17.32836427544967 18.676555966531843
0.6337833869508857 15.954612671310384 18.676555966528216
1.581820923317411 16.27277859603679 18.676555966528234
2.5319180063972517 16.58485164397334 18.676555966528266
0.6318240637007739 14.853927579839473 18.32076361466866
1.5669237573017138 15.21118481407473 18.32076361466866
2.516986722510426 15.523252235269956 18.320763614668653
3.468545853626423 15.830801162154621 18.320763614668657
4.384010052727089 16.247358551374372 18.320763614668653
0.6295361617918699 13.785303758888816 17.910790063024123
1.5757434543275004 14.109328519135685 17.910790063024123
2.511174570381672 14.466695494125572 17.9107900630241
3.462711075335401 14.774231312755612 17.910790063024105
4.414247580289144 15.081767131385606 17.9107900630241
0.6295361617918688 11.680467991305493 17.910790063023924
1.581072666745613 11.988003809935488 17.910790063024006
2.5317394389420067 12.298230640207182 17.91079006302401
3.4618413425780643 13.723018386327535 17.910790063023846
4.413377847531807 14.03055420495753 17.910790063023825
5.3649143524855525 14.338090023587522 17.910790063023825
0.6295361617918687 10.629536161791902 17.910790063023885
1.5814237505759843 10.935985703439961 17.910790063023896
2.532609171699356 11.244607799051892 17.91079006302388
3.483275943895749 11.554834629323583 17.91079006302388
4.4294832364313805 11.87885938957045 17.91079006302391
5.3649143524855525 12.23622636456034 17.91079006302391
1.565326517113627 9.878311669455641 18.010593417452423
2.5163275850980416 10.18749926416606 18.01059341745242
3.46751085673377 10.496126446279291 18.01059341745242
4.418174386876567 10.806352222481168 18.010593417452395
5.3643544163634305 11.130368118853355 18.010593417452412
2.5703812508951076 9.153548002600541 18.010593417452437
3.5215645225308356 9.462175184713772 18.010593417452437
4.472563888414429 9.771368014658174 18.010593417453418
5.431688374639073 10.089653302855304 19.231289896402764
1.6300960979139938 8.811400948982765 18.01059341745244
3.4858823588223804 8.399048640737373 18.01059341745244
4.436881724705976 8.708241470681768 18.010593417453418
5.3984707471326345 9.018963929567912 19.231289896402668
4.377737157539678 7.637486733477615 18.010593417453364
5.341943061536269 7.940142858864665 19.23128989640275
5.4449703511670196 15.444970351167052 5.994204277174898
2.5719636840981996 17.72138019637057 26.560424160667505
3.4627007853494987 16.990910676117334 20.284270156318254
2.5160529592110876 8.053809639265165 21.444712260992272
3.4196995645751405 7.3144799374743235 19.280803790038895
6.494450514277423 11.494450514277437 1.4210854715202004e-14
6.494450514277423 10.494450514277434 89.99999999999999
6.342667378626185 9.348346262239597 19.231289896402746
6.286139693029819 8.26952519153635 19.231289896402757
4.472026473624995 6.61408080441481 18.2876557931937
5.442090021303549 6.86562444665143 18.287655793197246
6.378337584631613 7.242586934128025 19.23128989640277
4.686119199958298 5.631640501058316 18.287655793193696
16.990646985347972 0.6386384597628529 70.4219140136499
17.317192845800722 1.583863333067527 70.4219140136499
15.929285073003573 0.6386384597628421 70.42191401365197
16.255808960800067 1.5838711477102558 70.42191401365199
16.579212018925308 2.530213768323374 70.42191401365199
14.861196708342618 0.6305892364458529 71.90122572825548
15.187746065803232 1.575917271638972 71.90122572825548
15.511158315071102 2.522270597560828 71.90122572825547
15.82439404689216 3.4719498811315748 71.90122572825547
16.26385024964824 4.380376944289299 71.90122572825547
13.788037043167684 0.6314551822613501 71.7457302526507
14.118432150785663 1.5754708566520008 71.7457302526507
14.444968447821472 2.5207592947825535 71.7457302526507
14.768370442301286 3.467081529871574 71.7457302526507
15.081605020585961 4.416757316109607 71.74573025265069
11.659909018383857 0.6190682944133882 73.89641337517226
11.97851863668359 1.5888101031309945 71.46970085447954
12.309936391378262 2.532403428875649 71.46970085447613
13.704078194193093 3.466997310689004 71.74573025264927
14.027480188672907 4.413319545778037 71.74573025265072
14.340714766957584 5.362995332016072 71.7457302526507
10.61906829441342 0.6190682944133882 73.89641337517226
10.913460824821387 1.5996271829587307 71.10695156840909
11.244855638946452 2.5431534782455794 71.10695156840909
11.576250453071497 3.486679773532435 71.10695156840907
11.906600904968867 4.430563492372984 71.10695156840907
12.233107097241668 5.375762874400037 71.1069515684091
9.843246142747061 1.5837262126095633 70.84955378806157
10.174632441191608 2.5272279859254714 70.8495537880616
10.506018739636161 3.470729759241376 70.84955378806161
10.837405038080695 4.414231532557288 70.84955378806161
11.167748601056555 5.358095413883638 70.84955378806161
9.12532850907485 2.5626820760254616 70.6471857495023
9.456712740508907 3.506177964281932 70.6471857495023
9.78809697194297 4.4496738525384005 70.64718574950228
10.119481203377012 5.3931697407948755 70.64718574950233
8.74197302609936 1.6374400598452639 70.6471857495023
8.379402458669086 3.456574453513947 70.64718574950183
8.710786690103141 4.400070341770418 70.64718574950179
9.0421709215372 5.343566230026894 70.64718574950238
7.65179794218998 4.402630725016172 70.6471857495018
7.983182173624037 5.346126613272644 70.64718574950196
15.455376764893211 5.45537676489318 85.3268269145929
17.729177996822212 2.569066957137498 62.209091199546414
17.004918353275343 3.453621533146874 68.6769045610148
7.996046975693595 2.5313324373337305 70.64718574949933
7.260289466169475 3.4302629801782754 64.95081374523893
11.416375771422132 6.494450514277423 4.668521504486833e-14
10.416375771422128 6.494450514277423 2.566646629655354e-14
9.302956480322734 6.487299931617338 89.17463024295833
8.302852713290624 6.487299931617338 89.17463024295833
6.540876067658921 4.324762837573999 68.55913161646558
6.899224852339931 5.277598078952359 70.6471857495001
7.166260465623907 6.243695143997121 70.64718574950005
5.648168059559819 4.787287310067293 68.55913161646558
13.494450514277446 10.494450514277435 0.0
13.494450514277444 7.4944505142774265 2.842170943040401e-14
13.494450514277444 6.494450514277423 2.842170943040401e-14
13.494450514277446 11.494450514277439 0.0
13.484988249083012 13.494450514277446 1.4210854715202004e-14
13.479456860708858 9.494450514277434 8.526512829121202e-14
13.494450514277446 15.494450514277451 8.698860866510816e-15
13.494450514277446 14.494450514277448 7.262930139861372e-15
13.494450514277446 16.494450514277453 2.00354084005245e-15
13.494450514277446 17.494450514277457 4.8487281944752645e-15
13.494450514277446 18.49445051427746 90.0
13.453733385096552 8.49445051427743 5.684341886080802e-14
13.377541897157284 2.521708872558453 71.74573025264927
13.290171551825564 5.370416435411523 71.74573025264947
13.047146789539307 1.5776931981678026 71.74573025264925
12.966826061011313 4.421583027429614 71.4697008544761
12.72348945633263 0.631455182261358 71.74573025264927
12.640307520905973 3.476347566051432 71.46970085447613
2.5264102265238924 13.365651411337645 17.910790063023846
5.364914352485553 13.287158194073932 17.91079006302387
1.580202933988262 13.041626651090779 17.910790063023846
4.413377847531808 12.979622375443938 17.91079006302402
0.6295361617918683 12.731399820819085 17.910790063023846
3.4779467314776364 12.62225540045405 17.910790063024002
18.49445051427746 12.494450514277442 0.0
17.494450514277457 12.494450514277442 0.0
7.494450514277426 12.49445051427744 89.99999999999999
15.494450514277451 12.494450514277442 0.0
14.494450514277448 12.494450514277442 0.0
12.494450514277442 12.494450514277442 0.0
11.494450514277439 12.494450514277442 0.0
10.494450514277435 12.494450514277442 0.0
9.494450514277434 12.494450514277442 0.0
8.49445051427743 12.49445051427744 0.0
16.494450514277453 12.494450514277442 0.0
13.494450514277446 12.494450514277442 0.0
6.494450514277423 12.49445051427744 89.99999999999997
