132 11.985680198848307
0.5003983242246477 11.48516552763269 89.99848091425976
11.485680198848204 0.5000000000001048 89.99999999999996
0.5003554928285148 5.502370489425717 89.98886946513461
0.5000000000001643 4.501571624853803 4.666e-12
1.5000000000004672 4.500000000002303 9.394e-12
0.5000000000001039 3.5007267539807008 89.99999999999989
1.5000000000003118 3.5000000000019202 89.99999999999976
0.500000000000103 2.5000000000014273 89.99999999999999
1.50000000000031 2.5000000000014775 89.99999999999999
0.5000000000002043 1.5000000000007825 2.785e-12
1.5000000000006066 1.50000000000031 89.99999999999996
2.5000000000010028 1.50000000000031 89.99999999999997
0.5000000000001812 0.5000000000001439 89.99999999999535
1.5000000000005214 0.5000000000001039 89.99999999999999
2.5000000000009224 0.500000000000103 0.0
3.503177232048362 0.5000000000001252 89.99999999999896
2.4856801988463486 11.485680198848204 2.1e-14
3.4856801988465556 11.485680198848204 2.1e-14
4.485680198846761 11.485680198848204 3e-14
5.485680198846968 11.485680198848202 3.6e-14
6.485680198847174 11.485680198848204 4e-14
7.48568019884738 11.485680198848202 4.9e-14
8.485680198847584 11.485680198848202 5.3e-14
9.485680198847792 11.485680198848202 6e-14
10.485680198847998 11.485680198848202 6.8e-14
11.485680198848204 11.485680198848204 7.2e-14
3.48568019884654 10.485680198847996 8.4e-14
4.485680198846749 10.485680198847996 1.4e-13
5.485680198846964 10.485680198847996 1.45e-13
6.485680198847171 10.485680198847996 1.3e-13
7.485680198847377 10.485680198847998 1.1e-13
8.485680198847582 10.485680198847996 1.15e-13
9.48568019884779 10.485680198847996 1.15e-13
10.485680198847996 10.485680198847998 1e-13
11.485680198848202 10.485680198847996 9.3e-14
4.485680198846762 9.48568019884779 1.55e-13
5.485680198846968 9.48568019884779 1.5e-13
6.485680198847172 9.48568019884779 1.46e-13
7.485680198847379 9.48568019884779 1.5e-13
8.485680198847584 9.485680198847788 1.54e-13
9.48568019884779 9.48568019884779 1.54e-13
10.485680198847998 9.48568019884779 1.1e-13
11.485680198848204 9.48568019884779 9.2e-14
4.483948487008619 8.485680198847584 3.7e-14
5.484924413535971 8.485680198847584 1.34e-13
6.485680198847169 8.485680198847584 1.61e-13
7.485680198847376 8.485680198847584 1.53e-13
8.485680198847582 8.485270741372023 1.36e-13
9.485680198847788 8.485680198847584 1.56e-13
10.485680198847996 8.485680198847584 8.5e-14
11.485680198848204 8.485680198847584 5.7e-14
5.485680198846966 7.485680198847377 9.6e-14
6.485680198847171 7.485680198847378 1.5e-13
7.485680198847377 7.485680198847379 1.54e-13
8.485680198847584 7.484834909763078 8.5e-14
9.48568019884779 7.485680198847377 89.99999999999999
10.485680198847998 7.485680198847378 0.0
11.485680198848204 7.485680198847377 4.3e-14
5.4845566867345745 6.485680198847166 89.99999999999976
6.485006067838535 6.485680198847172 1.76e-13
7.485356006444916 6.485680198847172 1.75e-13
8.485680198847577 6.484320680517288 9.9e-14
9.48568019884779 6.485680198847169 89.99999999999989
10.485680198847996 6.48568019884717 89.9999999999999
11.485680198848204 6.48568019884717 89.99999999999994
5.484679449711216 5.485680198846959 89.9999999999996
6.485101788641602 5.485680198846966 1.78e-13
7.485680198847372 5.485680198846968 2.27e-13
8.48568019884758 5.48361913772366 4.3e-14
9.485680198847788 5.485680198846964 89.99999999999987
10.485680198847996 5.485680198846966 89.99999999999989
11.485680198848204 5.485680198846964 89.99999999999991
8.485680198847582 4.482563846850877 5e-14
9.48568019884779 4.485680198846757 89.99999999999987
10.485680198847998 4.485680198846759 89.99999999999989
11.485680198848204 4.485680198846757 89.99999999999991
10.485680198847998 3.485680198846553 89.99999999999991
11.485680198848204 3.485680198846548 89.99999999999991
11.485680198848202 2.4856801988463406 89.99999999999991
4.484256927404111 5.485680198846964 89.99999999999993
4.485680198846758 7.485680198847376 89.99999999999994
4.484046189498482 6.48568019884717 89.99999999999994
0.6684811806977322 10.264508959228284 25.974775417066837
1.5672630720515057 10.702905276490949 25.974775417066837
1.5208999528435658 9.567433725766014 25.974775417066844
2.4211707252966277 10.002773970342734 25.974775417066752
2.418463698836392 8.8863963975486 25.357859410038323
3.319719624641373 9.319719624642609 25.357859410038316
3.3171796147580426 8.205921824638214 25.979599019214486
0.6684811806977322 9.033872615079236 25.974775417066763
0.6659605742052852 7.91423158601413 25.35785941003835
1.5649635814450926 8.352308468731746 25.35785941003835
0.6685005840886138 6.792913631938561 25.979599019214515
1.5658187642515244 7.234313634031236 25.97959901921452
2.4647688418813214 7.672364724578667 25.979599019214508
1.5144697145735453 6.092522280302847 26.215022740430253
2.414269403676913 6.5353479319745125 25.979599019214536
3.314518600847486 6.972369857497238 25.98040430809642
2.3625965734332097 5.395478657699247 26.215022740430253
3.2790174336775357 5.834480067152085 26.56195333426289
2.5000000000005187 3.5000000000007248 89.99999999999964
3.1912942181298063 4.5000000000009255 89.99999999999949
2.5000000000005156 2.500000000000515 89.99999999999996
3.5000000000007256 3.485680198846557 89.99999999999956
4.191294218130013 4.485680198846757 89.99999999999947
3.500000000001327 1.5000000000003713 89.9999999999979
4.260854780266298 2.427017830972427 60.84047562562204
4.74634049306194 3.3055339604450404 61.190845401415686
5.191294218130219 4.485680198846754 89.99999999999945
4.508012182322844 0.5006586419957921 3.7091291235e-05
4.992370756221345 1.6789649017508497 61.218947381747036
5.47557226597575 2.554476313177991 61.21894738174705
5.957036124207771 3.4309422584472578 61.218947381747036
6.4856801988471675 4.48568019884676 1.79e-13
5.521468456444481 0.500000000000103 6e-15
6.065735388350476 1.5524695103902868 61.027200274683544
6.548277044713235 2.430249351825097 61.218947381747036
7.029740902945784 3.306715297095329 61.218947381747164
6.729541853391672 0.6778789498916078 61.53106501346403
7.211136685025802 1.5542907528310064 61.53106501346403
7.69260768707624 2.4307697028429027 61.531065013464044
7.882365392803938 0.6737673016801287 62.66427698041141
8.363981010212022 1.5505129447713681 62.66427698041141
8.844566624145349 2.427791025830165 62.66427698041142
9.311912897167767 3.311912897166527 62.66427698041142
9.06007378707969 0.6608690022148638 65.83478633192415
9.541975604978836 1.5406932853495618 65.83478633192414
10.010258988157007 2.4266280002009832 65.83478633192415
7.485680198847375 4.485680198846761 2.47e-13
8.173059616477632 3.3078012489550517 61.53106501346408
10.719399303973747 1.561134149029125 61.77491767476123
10.252091254452434 0.677016513260682 61.77491767476127
