308 17.99826987952625587520801004571154831570004617599716243709912663729790
1.579873411999531951216711706735328997926620123382396602252061876189582 16.34767244866162896812576638674756733445798006672661966232898161999384 20.1606861046009484846009950415751825949188290347858012760519464343642
0.6416919474235852645190787944384913196533424231573262701544072640236809 14.93625564052029174111952152905418237879324251013053172529031626246548 20.1606861046009484846009950415751825949188290347858012760519464343642
1.581987803167160731824282929602840505914816829015036338429769183168292 15.27664417153556530780489316573721598505191519434247576760920179753936 20.1606861046009484846009950415751825949188290347858012760519464343642
2.532736154091906712744729823558051011547305060703819262394189017926363 15.58856338750435523083877769214149287443722004188990660842575841134289 20.1606861046009484846009950415751825949188290347858012760519464343642
0.6327490788372514420868020307175522676626065821094671563312245040551674 13.86368305814634792335363960338763800608123624188180870648998693472317 18.488184619706002213209558161535888951324201815553148378262133599863
1.575243800672529606871489719158264987066626511146708627598783144060416 14.19842057329709134609192284139155949815474976936159933996365805533061 18.488184619706002213209558161535888951324201815553148378262133599863
2.52351031516291501030486326498292117079464971871550260146541945281902 14.51589618945999666690258870935746191206804652780528836822904087811388 18.488184619706002213209558161535888951324201815553148378262133599863
3.470515437668229328311384537721813392652346992409180532691339744472033 14.83714429405612709065922636146682079649890286536484789059662933052817 18.488184619706002213209558161535888951324201815553148378262133599863
4.377911794604559031284596696463357370035590306209142060754309084077726 15.27685169737286770108184734621710123049736505785221069038326152597198 18.488184619706002213209558161535888951324201815553148378262133599863
0.6313696182809496016579485839149589350393849194798201416811764998585499 11.74448179927146299590981824691028232339658116933553064732358697060161 18.23886801725251008379610615639702363285763184254567043990130922915591
1.581198751785838451934523221917386477093779826196679285552335070938587 13.12649423808786307816685907518553684894319776002955184324463135091544 18.52146134818787654266391132524752882869629179798951627111131355413606
2.52368339714682196583539775535783625995498602277713788854973465438449 13.46122837750003275973274469308028759769980329029577868311632531174262 18.52146134818787654266391132524752882869629179798951627111131355413606
3.472065132991603641581971350162428959484392691505898173936858440842708 13.77835988585082613199191128236928300105750921391873494034499729172859 18.52146134818787654266391132524752882869629179798951627111131355413606
4.420228198562465571676353398629814393112694899021374038514909413197463 14.09614411814514296016379779937500457550458769473877098728991863483492 18.52146134818787654266391132524752882869629179798951627111131355413606
0.6321215382516895728904611511452711916153946737128044490634622790253961 10.68584409517574820920629384873224684264323217360529646146186990182036 18.37449787354659462782218134196101952152528869151138502355967666909388
1.579965499528028665243528231533258863470353319806066356956284205734302 11.00460052087546129582064812541757573322353736502042066158321930592197 18.37449787354659462782218134196101952152528869151138502355967666909388
2.526142490244327543735860162671479349289099316591347241032928879115652 11.32837550178186607731926180609873367360073606415593408230876231197484 18.37449787354659462782218134196101952152528869151138502355967666909388
3.474411589687987410037492263512721910284095319391886442917023704363888 11.64585201323815091480255692360774213312342700165287935439045388478829 18.37449787354659462782218134196101952152528869151138502355967666909388
4.416956811527882980484066948368679922607477744510561659040808492753772 13.03722194862448321550950841682262356515233409368429049778161389766216 18.23886801725251008379610615639702363285763184254567043990130922915591
5.366900261245306273550061461796589380660661256517342295417950137439355 13.34964439672327710876539096629413059303140951577665884738950545659387 18.23886801725251008379610615639702363285763184254567043990130922915591
0.6321215382516895728904611511452711916153946737128044490634622790253961 9.632121538251689572890461151145271191615394673712804449063462279025396 18.37449787354659462782218134196101952152528869151138502355967666909388
1.581250847568917808209848011319319444646309186573519881849832607245058 9.947433090376389150760421807113265827940332912332021565268715767444392 18.38984378192964397995557731972884204070890659704157819790184251080939
2.529093897566636742512557263746916120270708005902891358568975067174726 10.26618921311345013964573699314883644370878754922808682414079840861508 18.38984378192964397995557731972884204070890659704157819790184251080939
3.475268632971058348920549304291386138524470456474054034578664059833817 10.58996344422143703732222001627409830107286981132898097648526968186057 18.38984378192964397995557731972884204070890659704157819790184251080939
4.423537163913498837331114056101335821017264488238463613376470349932695 10.90743976667445401184751914080925405061717071968477009677049006934765 18.38984378192964397995557731972884204070890659704157819790184251080939
5.366063487894303027372264581777244468055243251048461899632177972509998 11.24218802149415065034526914258168060283472823007814142971146135254608 18.38984378192964397995557731972884204070890659704157819790184251080939
1.566563989042671694668897133672055292089831033917251988148478092627499 8.885589913602701816492392641404052991747637812018656988428862393522648 18.69483806085863541148700995762561378567869304110624211235326860898589
2.514297589776445399957594223593392433802987849781401369250479367198039 9.204656366894018822783028150798014085149888449270237229735097275666048 18.69483806085863541148700995762561378567869304110624211235326860898589
3.463088564034725378245495231137123463845253340634807165755747858741111 9.523443821052472006428601554225553714641353003714708419328259074292659 18.58995838616095140421131285039244541211341972100314210162940346259325
4.409375696405191431273236981172865248256465849630089322292570965300511 9.847214635552134723107802516939527628747796748350642148018275439683977 18.57507457961148889535915368644077994184446868572368914021569357488033
5.360541307272981942171876140284365804126739336214904907699151495740404 10.16539299256481702909334376133697296086436776370110607319267370600941 18.47922040789582121166153047953937546348871803516544532180193486881308
2.523718696449404187927374952354936645079758244035398133474592304743819 8.151460219823403524845477351210182437822138423983614326132362674064624 18.47922040789582121166153047953937546348871803516544532180193486881308
3.471354337246398403359126166485921402359139736823782574884036480027668 8.470823823054329105577082334738649642665448237592381260546321402410653 18.47922040789582121166153047953937546348871803516544532180193486881308
4.419380582313873983199628833663229199125249220936399907138125833150954 8.789018624634680137248769895118924382072532713879552845552788677985631 18.47922040789582121166153047953937546348871803516544532180193486881308
5.365570191891145424064218887595598101507898173664752690839665447609222 9.112709174097687280785291721271240709594810388037220931247542052198109 18.47922040789582121166153047953937546348871803516544532180193486881308
1.632699687635110451143791158115950214192148002332409746259461189688683 7.662683177180250004352993902202188706798386320188501059900904943015435 18.47922040789582121166153047953937546348871803516544532180193486881308
3.468309867669618604642613091039883777325705970658169079271618270548797 7.413422273641510092953687456847916039913718480508602999149171713576047 18.69914803266505278043635533274257994652679783695637523396476022244771
4.416925078536273456748372218629332539815568330102662254972250673361952 7.732798259668555937937384050252306019867671847977230429931066511278002 18.59185327376044952672747749736378966087100277783405293777585907137492
5.364950730576167274426597225940794901813377343979776000482424882094267 8.050992861766942524199955185935148472104508876036575042092149228745848 18.59185327376044952672747749736378966087100277783405293777585907137492
4.396607936488973398854229993119478499477522322159475785358677866758172 6.670904400167941607138615056512729646524479452469420918602087555733714 18.59185327376044952672747749736378966087100277783405293777585907137492
5.344633588528867216532455000430940861475331336036589530868852075490486 6.98909900226632819340118619219557209876131648052876553076317027320156 18.59185327376044952672747749736378966087100277783405293777585907137492
2.571120668716464357667948108699687873370649433414193083302347093431899 16.73675495213667148651149331989997100573039729577012960087958137591862 28.14609229090712161836122647320906149071700708358462487714721577850649
3.453651455648946221910596173544389976714000138517983886466379121060904 16.0146384413159897854631869713646067654769061819941666330288871369144 21.69219301328323294725307937129673748912582627106965584274979352445414
2.563739776088100403260062618040254080884414893005671693806078482374387 6.925732898657121765558975778599047127201883006022907524221517790424263 20.93267226182138475983848728273178424190320313596694318637047869693831
3.482207833481480275762551285342395365226985139919225631942024002395674 6.206399209902211587876850841234697761440968443036508512756354940490067 20.93267226182138475983848728273178424190320313596694318637047869693831
0.6329322921777898064642007368638598646150119282713112381998898608672484 12.80901863376789127891419567952216880482824296077841981427214976703072 18.52146134818787654266391132524752882869629179798951627111131355413606
3.468426980591791811980211407663448766598207673332123577887632266494491 12.72050976450588851853484869631013012333571052252127550515793732096209 18.23886801725251008379610615639702363285763184254567043990130922915591
2.525846587664497109732493511130739233791026288680019889609714256704248 12.3857435485217466243680187720820315244498817393720563663895447534214 18.23886801725251008379610615639702363285763184254567043990130922915591
5.366900261245306273550061461796589380660661256517342295417950137439355 12.2967467702677886960479538639989206734055389877461267393854187973535 18.23886801725251008379610615639702363285763184254567043990130922915591
1.577569503452220613891098486114263670058951300448200179247732351577934 12.0682643848331629558310613694217828752217882069355685153229368088705 18.23886801725251008379610615639702363285763184254567043990130922915591
4.416943108226245622114737670552730102921649044512110767548889141897655 11.98060199503450203861452622067046442156178029072680622658427845936281 18.37449787354659462782218134196101952152528869151138502355967666909388
8.524700932396932930492072811567469122876421580027147958547718931412862 0.5247009323969329304920728115674691228764215800271479585477189314128616 -2.905412896244383851871583148730502785456660588599220216502495920659588
16.34881857696470912226986195424225554166467210854258808399588229697687 1.57978312265932500681740295361758190902553821439434487635089062058635 -20.16595643173245971286042857379277356296696267811087829509129112516348
14.93704595857113145461440565351917518703166872041796565297747054619265 0.6417192675989304902606524523508809205215321679152243988175016365984852 -20.16595643173245971286042857379277356296696267811087829509129112516348
15.27762096848554754940989546161558409341837039378144383750772263236305 1.581947088024881650799667312991953405939366620956814252105681740610689 -20.16595643173245971286042857379277356296696267811087829509129112516348
15.58869224619245021525770921753529360825835634545571759502093284933069 2.533010269210485670947715252528154773969149607189881997330085991941158 -20.16595643173245971286042857379277356296696267811087829509129112516348
13.86420979297955195495030401558152124130982760059169284866668790628594 0.632662292021247736996638020358530790328068903702232031499780648507085 -18.47243519361986541208245447178962260765465951376999788549762557178254
14.19903195703988665980204741697380425309795754510793819226424465794987 1.575134162781917716638646613037437209051842058565029751719483270767298 -18.47243519361986541208245447178962260765465951376999788549762557178254
14.51588034142814010211954968909651771862917220271674013073111868210211 2.523610362436159748314420381631785324176765208360691876252170543629222 -18.47243519361986541208245447178962260765465951376999788549762557178254
14.83747298636250743049241107455474179034587913093642639005509307121227 3.470501692285865726129743778759276515740359032104648582906572796330452 -18.47243519361986541208245447178962260765465951376999788549762557178254
15.27635759867980184459774965795984946257568002012961921271224297271856 4.378210414938313760039939554732421479431225308044733419215931995161646 -18.47243519361986541208245447178962260765465951376999788549762557178254
11.74096886769189978675890138220121423203124821219353540439731218240235 0.6318447231496147623879189704772929059152415195867509110271595413572647 -18.32449218869268362908013875077937722605458105956286364194157088465796
13.12673543266990026089285469913955086798397077635293548431433186684699 1.581138396677060852395662615447960889161586667087832181739147886674217 -18.47243519361986541208245447178962260765465951376999788549762557178254
13.46155759673023496574459810053183387977210072086918082791188861851092 2.52361026743773083203767120812686730788535982195062990195885050893443 -18.47243519361986541208245447178962260765465951376999788549762557178254
13.77840598111848840806210037265454734530331537847798276637876264266317 3.472086467091972863713444976721215423010282971746292026491537781796354 -18.47243519361986541208245447178962260765465951376999788549762557178254
14.09637395001709561213212787279596914713713026187440126184044403811051 4.420188657842859155120482131455777511936748239741224774848539568164869 -18.47243519361986541208245447178962260765465951376999788549762557178254
10.67933024734508872257162390827138308970891071268586049569948226071066 0.6223050849629697850081251018887173747955414133223233020543549478611801 -16.65108508252478270368744072273011048887404916000998443629300119317483
11.00402417867685548641212431239012081895076344156507116440519477453551 1.585290404997995697510071913337126355827169105442458796029483583763646 -18.54485838694364414979201526637431188594430280973792874553894642709547
11.33252912012725359557678271765092043483919948866417490376370332322903 2.529857067241441612048301224755308690797999510914554271446001495100368 -18.54485838694364414979201526637431188594430280973792874553894642709547
11.64937803885456753298401201084241193599726469763520209784492485273195 3.478333930273879109625925332701909971363781114416949169001758113474826 -18.54485838694364414979201526637431188594430280973792874553894642709547
13.03802754480282049480817868696251861912629392397167079233171233940609 4.415938691654338087727896240875771607898724772441936696748852769633668 -18.32449218869268362908013875077937722605458105956286364194157088465796
13.34881675707423067166794820820840613167162917835515496089684208089699 5.36642515637664111282009107523425540978480465641041152607196709594064 -18.32449218869268362908013875077937722605458105956286364194157088465796
9.635562424965251123917746625676244508348144036247953316409395271626687 0.6223050849629697850081251018887173747955414133223233020543549478611801 -16.65108508252478270368744072273011048887404916000998443629300119317483
9.922397440617707569916739081010659395827311299737072343593174348878682 1.591417325572756392922653629864982618896126814321978879722870455934058 -17.886667149655428637430695336582414139061235946723335593551506666713
10.26111907756375481219996374061871901559495632110075354185881795798881 2.532889192277586124714396929493477016181814215768146801379731853611289 -17.886667149655428637430695336582414139061235946723335593551506666713
10.58968530917419844436678895259714331217691362346889927980175087331672 3.477638556007923284294359389685636555174693348014778433305056306120906 -17.886667149655428637430695336582414139061235946723335593551506666713
10.90655059724654756383349877476889231496942826302301880041769813150588 4.42616421486133991212523286294370693038138053190185149073226010344616 -17.886667149655428637430695336582414139061235946723335593551506666713
11.24145094173606524004937229556568865679220108634222649503720197479336 5.368869343483934860840236114259944643109098628337655509332096389588162 -17.886667149655428637430695336582414139061235946723335593551506666713
8.866602317720913329847548548561849992014485316445123579771845563813631 1.583125912505331568652984513428988180769599510528887261722015739782624 -17.8899371568980143634934934369552437771654006479356101578279876116447
9.175857010451972154410659508383979914057762176460657572632146049490786 2.534107639207382767462285905986976090604560141916161402368080234961721 -17.8899371568980143634934934369552437771654006479356101578279876116447
9.514578065997521717770600165831575673847089085238468929350062090815869 3.475577704780131336824031822712095912909724476823344398182040294869826 -17.8899371568980143634934934369552437771654006479356101578279876116447
9.843143903295144163413312927163585739014687677964336959024637335656705 4.420325846960994273345471996068663378608532794668738548981178992193569 -17.8899371568980143634934934369552437771654006479356101578279876116447
10.16000901261498376960143409497410333750995730402106805403046048873267 5.368850952053482319277759676935409271989102221099757016073164376005338 -17.8899371568980143634934934369552437771654006479356101578279876116447
8.114857481813176387375812591393920492537791882157206528285427984381892 2.535136890442218270223801121114902285461373055695064517054606825044904 -17.2742474466959871112153025602543368811676043860395647488154825854091
8.426524997753375869677567213181874325607409098988544729133297477159844 3.485453179798816551337931428019144279512414370590929475700517746068842 -17.2742474466959871112153025602543368811676043860395647488154825854091
8.765373168483455851126767109138063227191783967937771475796127393250814 4.427317038011534713411694071441815242788305170012863166711986239972915 -17.2742474466959871112153025602543368811676043860395647488154825854091
9.094030894012719567900759814185511188599481311135140291084639440338211 5.372349842559476971873072591228702537211939923739100576587490481647466 -17.2742474466959871112153025602543368811676043860395647488154825854091
7.703235537616366230229800358596909376570864511075457346697856367602501 1.615903661037488849562602321531373994997432608943924984738189268863775 -17.2742474466959871112153025602543368811676043860395647488154825854091
7.347131674530082262328253696415564412442907686901409501179981261455002 3.470780228089557954555004601248999686656075014772696780251511436354749 -20.2567017942128383733510051089989576746745648515484347313334412737354
7.676674167784129696924949696612655262978172605955674081201056500892654 4.415088453377861103904129617869666601692627272362324044709087443243993 -20.2567017942128383733510051089989576746745648515484347313334412737354
8.01520080121009182483036402184173158373134951481947765623971651656841 5.356081060436114717772907993238014895731199552399843655737347290496867 -20.2567017942128383733510051089989576746745648515484347313334412737354
6.610747504080897661745488069545805893570395003148911384438866230120547 4.415088453377861103904129617869666601692627272362324044709087443243993 -20.2567017942128383733510051089989576746745648515484347313334412737354
6.949274137506859789650902394774882214323571912012714959477526245796302 5.356081060436114717772907993238014895731199552399843655737347290496867 -20.2567017942128383733510051089989576746745648515484347313334412737354
14.46822814447534810649916491452188804319859000604974127238373667343074 5.468228144475348106499164914521888043198590006049741272383736673430744 -3.555066231292935679970420793815532066600773226461134927829155004499664
16.73654591454233178073793763185853550258022614730463145970181071893868 2.571212496559779494683902276192750902807520622095923049572315908061948 -28.11180173122470900357794350936730497550932840604829206035865360226651
16.01430396107244259754377899287248654392388763521078104865282478209708 3.453877017755959614818526502160934603901406178327735887343195184846888 -21.66939386046709218674757139335152358282521489973393309495590630450783
6.954887903495180049580948247990059345055150750802521318819302862700056 2.549612058018502809968938827509004754764079128339553130327596684757114 -20.2567017942128383733510051089989576746745648515484347313334412737354
6.226127232286581733055828316620488470533293931285875056164611899768975 3.446151787265382439110834636548255055622634774503225139647015268436576 -25.31969322109846719473479948192855833816164494049582472279714641349224
5.59163931011785401357501262260574128511411079259486823091931107910516 4.541949770211106656895363686976531906535126475138513813970344129819879 -20.2567017942128383733510051089989576746745648515484347313334412737354
5.927831432432491885584650233011364505970406315670909975912590277270613 5.483803934129654702953862690435016895593570853586151870484687714556524 -20.2567017942128383733510051089989576746745648515484347313334412737354
12.80988676390667989046797849264241056476621525247712683259552371964284 0.632662292021247736996638020358530790328068903702232031499780648507085 -18.47243519361986541208245447178962260765465951376999788549762557178254
12.72117810416555890433179230824684710140182499217768469150243702389161 3.467459330150156151264282265232684113823694747961113698498846053618662 -18.32449218869268362908013875077937722605458105956286364194157088465796
12.38633938008890900830879467507613720831016579790612233536344107896948 2.524937887473974687429415676698191458311169392216919552140274261539584 -18.32449218869268362908013875077937722605458105956286364194157088465796
12.29740745693419583678709463805325674001600915496391573944040203481048 5.372488919334465849952273449601607416227761144385899939904806073519712 -18.32449218869268362908013875077937722605458105956286364194157088465796
12.06948965483138520984298687670736067648851267604739602492387741490699 1.576458620233937554338381178775680973294786277033706064150547954034405 -18.32449218869268362908013875077937722605458105956286364194157088465796
11.98419277604141190122434325341596688515951544204702942935746723532896 4.420783869784950361074774901261950882868436416210552113891649942909698 -18.54485838694364414979201526637431188594430280973792874553894642709547
7.498269879526255875208010045711548315700046175997162437099126637297905 7.498269879526255875208010045711548315700046175997162437099126637297905 -1.489519664259692785057433556895469168298826944725053820256612209832652e-72
6.477952737478955817313867820201694275362000168053975967485553830694124 6.498269879526255875208010045711548315700046175997162437099126637297905 2.833290519653938538470204389476594893186626835151898058886094770956185e-72
6.498269879526255875208010045711548315700046175997162437099126637297905 7.498269879526255875208010045711548315700046175997162437099126637297905 -2.850046395611140651607504861456255549808026459503339736940368017495611e-72
6.498269879526255875208010045711548315700046175997162437099126637297905 8.498269879526255875208010045711548315700046175997162437099126637297905 -2.724231456325986395373419193401226824926985582326906302314090389178881e-72
16.00235128011422219019903921114350065693045443120042871737743768050128 0.6417192675989304902606524523508809205215321679152243988175016365984852 -20.16595643173245971286042857379277356296696267811087829509129112516348
7.477952737478955817313867820201694275362000168053975967485553830694124 6.498269879526255875208010045711548315700046175997162437099126637297905 2.897959015112063771753709674623582290608668974386729847610304806499496e-72
5.4687181308858309132728504544152556378923123142804096713085203351783 14.4687181308858309132728504544152556378923123142804096713085203351783 3.495118577958455280091603364839055206635243201561570769091259213734622
4.542346132486071262979741319910172976985960743685901976799156332843569 4.62440189672601853733035604886980876581549896765679438963211188671552 -17.01099048519955619010753008664948206040371725519582952674176230952882
0.5 17.40425525056894399999997925021269801534539444307288908231589177395489 -2.968799975721530397357923073233050028917296872633513408863589372831449e-80
1.5 17.4982698795262558752080100457115483157000461759971624370991266372979 1.44948653465234876082473087958339037538108276719040125208722588841567e-80
17.34175179665588999999999642594039187058319062387694537229808103187839 0.5 1.050782700623730006906105482865193016897607132607284657668646588316693e-80
17.4982698795262558752080100457115483157000461759971624370991266372979 1.5 1.800838684163907769521802502935893445456671557659718985550509585908386e-80
0.5 8.5 1.241945177509523206755703406791604489934471285635533109215037623734675e-72
0.5 7.5 1.229853619201030622365340097267729313618247286779181267468583794362274e-72
0.5 6.5 1.217209258224199410625921132732125579759195771857397235814516112161621e-72
1.5 6.5 8.72381689363033738170143991048538032087682215025704864264231464764305e-73
0.5 5.5 -9.082726045218015227097523831705255373244036000088833924606322823470551e-73
1.5 5.5 8.520525041355496462823855676373368593970673404772025895525942647411028e-73
2.5 5.504193509500825999999999381948734799637494350504643902518188300019531 9.160942389170752469409598475322469567955309364356272122863235630669885e-73
0.5 4.5 -8.951058005551508521774480681710441087819244555000204677635073137068963e-73
1.5 4.5 5.280078582807321715928432807525921888788884001452708617028221319172447e-73
2.5 4.5 -2.139900677643855177979426601753922209678041462795340126279945375990831e-73
0.5 3.5 -2.139901583679028585888415459706181528066971148115645083272133346619727e-73
1.5 3.5 -2.139902119450988556039387041738242951216565636115934326394569365829715e-73
2.5 3.5 -2.139900764990842267165483955653610575990371513548992372393559295898936e-73
3.503003469300772 3.6130594534041007 0.003910553253772
4.505512001535727999999870287271708168623362378846278630760073884907612 3.5 -2.437881506202120362653448466846648952147822243056932541189133472702851e-72
0.5 2.5 -2.139902132123461973855890087626274384301483392178722776065387071359573e-73
1.5 2.5 -6.419699864728090308804002390217717393030098612568233861365988365613437e-73
2.5 2.5 -2.13990195104854380633554951531126274347620100911504361498549366166495e-73
3.5 2.505737485599722000000186592884364795970003018437938614858754377368718 -2.139900502030404537700735441462035821302183396714518666985058100698374e-73
4.5 2.5 7.984432099134510419289947252954028185597629639344369002346811953804979e-73
5.5 2.5 -1.065376285016842851272061861635549431230442752599233151969860482149913e-71
0.5 1.5 -2.139903309355658584397485449978916875142755072032750174349078777046647e-73
1.5 1.5 -6.419700668625285930912009367534455407840182148177010070949872416083729e-73
2.5 1.5 -6.419698690436185974932065305646001969934529320705687725708658088327199e-73
3.5 1.503606591534962000000026560819619174211312343560945923187989741319238 -6.419703089900776512976643224459340019191950496023182246423509267774211e-73
4.5 1.5 -6.419702608267440485939109591894196198443675891733054416418953160039165e-73
5.5 1.5 -1.079033790141574732584116336770828857598269752716385196175848111137275e-71
6.5 1.5 -1.360604797926624829098139819884940379525846179365450432215769914582825e-71
0.5 0.5 -2.139903013114548398161430182233457727419480069687337576526354621530741e-73
1.5 0.5 -6.419700666074736624124296159525129106344815998125495610045025184731504e-73
2.5 0.5 -6.419699777660552821258589341459137233859597349656145008005703692912522e-73
3.5 0.5011673238518597000000069108300696887589361994649271390503658464924523 -6.419703862788399383520498177432504095200636414756999400548503469270982e-73
4.5 0.5 -3.504463757979012967122694619553655981906838031026988795514350721961441e-73
5.5 0.5 -1.376689900849378999889982879357795761878846674029591947442342750508379e-71
6.5 0.5 -1.362005346863762735932094683994996814310330539261883757555926543902867e-71
7.5 0.5 -1.373907693062741585609254732737253418959558272305726302288457583880159e-71
3.498269879526255875208010045711548315700046175997162437099126637297905 17.4982698795262558752080100457115483157000461759971624370991266372979 -2.338713240742339629145936794268401256835377377501127204247635437497806e-71
4.498269879526255875208010045711548315700046175997162437099126637297905 17.4982698795262558752080100457115483157000461759971624370991266372979 -2.34057322924085276838122825648699218645913516532024751391080490839049e-71
5.498269879526255875208010045711548315700046175997162437099126637297905 17.4982698795262558752080100457115483157000461759971624370991266372979 -2.23418176401702105755298188267155933829309075429944046077587560665285e-71
6.498269879526255875208010045711548315700046175997162437099126637297905 17.4982698795262558752080100457115483157000461759971624370991266372979 -2.254643029979957872084599582796282995049164869174689814370470100033115e-71
7.498269879526255875208010045711548315700046175997162437099126637297905 17.4982698795262558752080100457115483157000461759971624370991266372979 -2.182925791368651036846348382187460083102642928082964112004934682988607e-71
8.498269879526255875208010045711548315700046175997162437099126637297905 17.4982698795262558752080100457115483157000461759971624370991266372979 -2.193213672294179369796036225502099619554194308270800855494350786075955e-71
9.498269879526255875208010045711548315700046175997162437099126637297905 17.4982698795262558752080100457115483157000461759971624370991266372979 -1.23329814487296830001728616746505934503736458751471040626891480569275e-78
10.4982698795262558752080100457115483157000461759971624370991266372979 17.4982698795262558752080100457115483157000461759971624370991266372979 -1.223484150284960431400567028770203672652082868789325132866511195910197e-78
11.4982698795262558752080100457115483157000461759971624370991266372979 17.4982698795262558752080100457115483157000461759971624370991266372979 -4.439190679876447562680199395510872194726545675970166296338289008984612e-71
13.4982698795262558752080100457115483157000461759971624370991266372979 17.4982698795262558752080100457115483157000461759971624370991266372979 -4.470888471385895648989580435016688646328799139832519943039718068494581e-71
14.4982698795262558752080100457115483157000461759971624370991266372979 17.4982698795262558752080100457115483157000461759971624370991266372979 -6.768944229098259044108264192800328362084247019304378017859557459492823e-71
15.4982698795262558752080100457115483157000461759971624370991266372979 17.4982698795262558752080100457115483157000461759971624370991266372979 -6.799320284237263070965450026124120353054531515788302907049944344817752e-71
16.4982698795262558752080100457115483157000461759971624370991266372979 17.4982698795262558752080100457115483157000461759971624370991266372979 -1.871573623783746535197097775626181200353533102255445283286661772927267e-78
17.4982698795262558752080100457115483157000461759971624370991266372979 17.4982698795262558752080100457115483157000461759971624370991266372979 -6.795346456107419629113179227528558521256114144567532394833148323945347e-71
4.498269879526255875208010045711548315700046175997162437099126637297905 16.4982698795262558752080100457115483157000461759971624370991266372979 -2.249872730846370275663989470846809038188041690869099088530693364788094e-71
5.498269879526255875208010045711548315700046175997162437099126637297905 16.4982698795262558752080100457115483157000461759971624370991266372979 -2.254990568520157198500029049605899857625494830339318140873826458227745e-71
6.498269879526255875208010045711548315700046175997162437099126637297905 16.4982698795262558752080100457115483157000461759971624370991266372979 -2.260761196911246590733441697466619629226672719064060598511292970321796e-71
7.498269879526255875208010045711548315700046175997162437099126637297905 16.4982698795262558752080100457115483157000461759971624370991266372979 -2.220939142380993664989267413344929267771928749461986909541038703780529e-71
8.498269879526255875208010045711548315700046175997162437099126637297905 16.4982698795262558752080100457115483157000461759971624370991266372979 -2.015552056199356347096382983186850030679504747276841718991973359584283e-78
9.498269879526255875208010045711548315700046175997162437099126637297905 16.4982698795262558752080100457115483157000461759971624370991266372979 -1.166183775567430675354273752760692094439127438343472995360963323641213e-78
10.4982698795262558752080100457115483157000461759971624370991266372979 16.4982698795262558752080100457115483157000461759971624370991266372979 -4.364058233033442044566616262442324177889594050738615440197495845272222e-71
11.4982698795262558752080100457115483157000461759971624370991266372979 16.4982698795262558752080100457115483157000461759971624370991266372979 -4.362840975792971413815185726715416706660808276417039854206332195060331e-71
13.4982698795262558752080100457115483157000461759971624370991266372979 16.4982698795262558752080100457115483157000461759971624370991266372979 -6.774313941404937211036098621452413604419194643898421797530912192307781e-71
14.4982698795262558752080100457115483157000461759971624370991266372979 16.4982698795262558752080100457115483157000461759971624370991266372979 -6.773913573027167445015549327732603894618441376932758300206597843897876e-71
15.4982698795262558752080100457115483157000461759971624370991266372979 16.4982698795262558752080100457115483157000461759971624370991266372979 -6.77730127138224904889346816017366858059718795105026253856072316903925e-71
16.4982698795262558752080100457115483157000461759971624370991266372979 16.4982698795262558752080100457115483157000461759971624370991266372979 -6.75553441686425868959765703108794692899757121373490702597865659186871e-71
17.4982698795262558752080100457115483157000461759971624370991266372979 16.4982698795262558752080100457115483157000461759971624370991266372979 -6.764984518633242088521526810589141197741531788272892959668582912162377e-71
5.498269879526255875208010045711548315700046175997162437099126637297905 15.4982698795262558752080100457115483157000461759971624370991266372979 -2.307998661612101983183562120712803911738731913517608277621645841782995e-71
6.498269879526255875208010045711548315700046175997162437099126637297905 15.4982698795262558752080100457115483157000461759971624370991266372979 -2.262662408450609169469502851297585553280194405738480220171166695466315e-71
7.498269879526255875208010045711548315700046175997162437099126637297905 15.4982698795262558752080100457115483157000461759971624370991266372979 -2.27786250414953966658091593555158871588314613596548682449156375277238e-71
8.498269879526255875208010045711548315700046175997162437099126637297905 15.4982698795262558752080100457115483157000461759971624370991266372979 -2.292074134801377759532699187159909649698710573464124381175387142754394e-71
9.498269879526255875208010045711548315700046175997162437099126637297905 15.4982698795262558752080100457115483157000461759971624370991266372979 -1.614251436820210541251290487350720413074026530301505369274208358416688e-78
10.4982698795262558752080100457115483157000461759971624370991266372979 15.4982698795262558752080100457115483157000461759971624370991266372979 -1.680593780504585688686453248669247896688925169990646174914240475140686e-78
11.4982698795262558752080100457115483157000461759971624370991266372979 15.4982698795262558752080100457115483157000461759971624370991266372979 -4.394418740765775117751342063045047665846914478948255692693326036685643e-71
13.4982698795262558752080100457115483157000461759971624370991266372979 15.4982698795262558752080100457115483157000461759971624370991266372979 -7.324013914671135893278705737835229056570601240056556344061558549139216e-71
14.4982698795262558752080100457115483157000461759971624370991266372979 15.4982698795262558752080100457115483157000461759971624370991266372979 -6.772806195381422663727652245463657903958438666841196236138546676471034e-71
15.4982698795262558752080100457115483157000461759971624370991266372979 15.4982698795262558752080100457115483157000461759971624370991266372979 2.108686037773369621849964485280954881313012590233361739245004477809657e-73
16.4982698795262558752080100457115483157000461759971624370991266372979 15.4982698795262558752080100457115483157000461759971624370991266372979 5.307728325129776659409100559751856160896479736329273872677700445970737e-74
17.4982698795262558752080100457115483157000461759971624370991266372979 15.4982698795262558752080100457115483157000461759971624370991266372979 -1.505273945204891392206378543605050921553871557999767546617117873618591e-78
6.498269879526255875208010045711548315700046175997162437099126637297905 14.4982698795262558752080100457115483157000461759971624370991266372979 -2.267115899449163619316006424938133625508623341887172014780385218848019e-71
7.498269879526255875208010045711548315700046175997162437099126637297905 14.4982698795262558752080100457115483157000461759971624370991266372979 -2.277082097267961865173989697943438154099518240604452073479846616343477e-71
8.498269879526255875208010045711548315700046175997162437099126637297905 14.4982698795262558752080100457115483157000461759971624370991266372979 -1.515594760206834915928385506207542851513890121405373130569307121734346e-78
9.498269879526255875208010045711548315700046175997162437099126637297905 14.4982698795262558752080100457115483157000461759971624370991266372979 -1.629571918238037859599180137289518110205900520271149485808546027906271e-78
10.4982698795262558752080100457115483157000461759971624370991266372979 14.4982698795262558752080100457115483157000461759971624370991266372979 -1.501140478758291207430512166876832558182259514500946174716437386801092e-78
11.4982698795262558752080100457115483157000461759971624370991266372979 14.4982698795262558752080100457115483157000461759971624370991266372979 -4.39064488346610918345389594116362799800856500624642302407103313064536e-71
13.4982698795262558752080100457115483157000461759971624370991266372979 14.4982698795262558752080100457115483157000461759971624370991266372979 -7.228197235431795851656423769678183446991609217755673653445059185628614e-71
14.4982698795262558752080100457115483157000461759971624370991266372979 14.4982698795262558752080100457115483157000461759971624370991266372979 -6.810666971154689503093339682426267613009005790752476340333873300044835e-71
15.4982698795262558752080100457115483157000461759971624370991266372979 14.4982698795262558752080100457115483157000461759971624370991266372979 -6.7986081260089275543716318979870746759102539688814209185052786539881e-71
16.4982698795262558752080100457115483157000461759971624370991266372979 14.4982698795262558752080100457115483157000461759971624370991266372979 -1.486498060225015614011202304216865455146668652613913609517858792406963e-73
17.4982698795262558752080100457115483157000461759971624370991266372979 14.4982698795262558752080100457115483157000461759971624370991266372979 -4.350618140976089981625255582425142921561477263544428022820871727792014e-71
6.498269879526255875208010045711548315700046175997162437099126637297905 13.4982698795262558752080100457115483157000461759971624370991266372979 -1.334727541194265598010677153509660149896215098330133420145503807928284e-71
7.498269879526255875208010045711548315700046175997162437099126637297905 13.4982698795262558752080100457115483157000461759971624370991266372979 -1.330080743338529340959849687138935132195502156923116504075451640653787e-71
8.498269879526255875208010045711548315700046175997162437099126637297905 13.4982698795262558752080100457115483157000461759971624370991266372979 -2.087832138326121270767874885742402582176287260813586992042017690128111e-78
9.498269879526255875208010045711548315700046175997162437099126637297905 13.4982698795262558752080100457115483157000461759971624370991266372979 -6.095829489976272330059829733993602492818992368561700972943800091378592e-71
10.4982698795262558752080100457115483157000461759971624370991266372979 13.4982698795262558752080100457115483157000461759971624370991266372979 -3.063700321553851483200489985302122572068471482608446464493289707003788e-79
11.4982698795262558752080100457115483157000461759971624370991266372979 13.4982698795262558752080100457115483157000461759971624370991266372979 -7.350451554558474412740509152177732247123596099418224297727122597690616e-71
13.4982698795262558752080100457115483157000461759971624370991266372979 13.4982698795262558752080100457115483157000461759971624370991266372979 -7.222224079383239214969237030029294790858787533931761849633457677829068e-71
14.4982698795262558752080100457115483157000461759971624370991266372979 13.4982698795262558752080100457115483157000461759971624370991266372979 -6.788207225033550614795284996701912259720983522597464652399578412205054e-71
15.4982698795262558752080100457115483157000461759971624370991266372979 13.4982698795262558752080100457115483157000461759971624370991266372979 -6.77256952173736221791484352222034542261319031309958764392200447997677e-71
16.4982698795262558752080100457115483157000461759971624370991266372979 13.4982698795262558752080100457115483157000461759971624370991266372979 -6.783578867406862163116198911359599437419704792456767395835491433198228e-71
17.4982698795262558752080100457115483157000461759971624370991266372979 13.4982698795262558752080100457115483157000461759971624370991266372979 -4.444374965796161156660393090202328564599943614527176103917507997564256e-71
6.498269879526255875208010045711548315700046175997162437099126637297905 11.4982698795262558752080100457115483157000461759971624370991266372979 -3.97861652252251611294850380589733803661865950213098274851777480446956e-72
7.498269879526255875208010045711548315700046175997162437099126637297905 11.4982698795262558752080100457115483157000461759971624370991266372979 -3.006854471413041278950920395616643242760528642684094444108438736466676e-72
8.498269879526255875208010045711548315700046175997162437099126637297905 11.4982698795262558752080100457115483157000461759971624370991266372979 -3.025277808361306268233348975440101652184411516711868356441748237422699e-72
9.498269879526255875208010045711548315700046175997162437099126637297905 11.4982698795262558752080100457115483157000461759971624370991266372979 -4.23798377093190100907258699910205272632468140498214530257768628010063e-72
10.4982698795262558752080100457115483157000461759971624370991266372979 11.4982698795262558752080100457115483157000461759971624370991266372979 -3.957790797693440887373033659760699533158594530539241735388599121976662e-72
11.4982698795262558752080100457115483157000461759971624370991266372979 11.4982698795262558752080100457115483157000461759971624370991266372979 -4.117619400642081416201144245703606650504762442503581173772389123514843e-71
13.4982698795262558752080100457115483157000461759971624370991266372979 11.4982698795262558752080100457115483157000461759971624370991266372979 -1.110979987407677155915672879573281565394018834108250594155455309263654e-71
14.4982698795262558752080100457115483157000461759971624370991266372979 11.4982698795262558752080100457115483157000461759971624370991266372979 -4.463474715749746723924102936860687957424892699635404807208941015052018e-71
15.4982698795262558752080100457115483157000461759971624370991266372979 11.4982698795262558752080100457115483157000461759971624370991266372979 -4.550529582499029451319496067656405580464134815359193248317250380732727e-71
16.4982698795262558752080100457115483157000461759971624370991266372979 11.4982698795262558752080100457115483157000461759971624370991266372979 -4.540826822335123992513068212765336766307651125396399583939972415209062e-71
17.4982698795262558752080100457115483157000461759971624370991266372979 11.4982698795262558752080100457115483157000461759971624370991266372979 -4.651199040066499321771190127466635842908209559072636246350311530011277e-71
7.498269879526255875208010045711548315700046175997162437099126637297905 10.4982698795262558752080100457115483157000461759971624370991266372979 5.872853132332581881660561690802771504865353709137224727365226648200245e-72
8.498269879526255875208010045711548315700046175997162437099126637297905 10.4982698795262558752080100457115483157000461759971624370991266372979 -3.032634088831601172272775636152032348810541740332296143461861458141556e-72
9.498269879526255875208010045711548315700046175997162437099126637297905 10.4982698795262558752080100457115483157000461759971624370991266372979 -3.348859034034162025669066527508307514627276852915424238924847103961586e-72
10.4982698795262558752080100457115483157000461759971624370991266372979 10.4982698795262558752080100457115483157000461759971624370991266372979 -3.910631398003870775464704625139742917772701093708179824749792562793189e-72
11.4982698795262558752080100457115483157000461759971624370991266372979 10.4982698795262558752080100457115483157000461759971624370991266372979 -2.094626585943443291220254097797059595987729250399803298088152350229104e-72
13.4982698795262558752080100457115483157000461759971624370991266372979 10.4982698795262558752080100457115483157000461759971624370991266372979 -1.111674247220876270718216063289122117561234323100273940655068541051865e-71
14.4982698795262558752080100457115483157000461759971624370991266372979 10.4982698795262558752080100457115483157000461759971624370991266372979 -4.555057459523763395433723697508326114990249286602399373641635536548069e-71
15.4982698795262558752080100457115483157000461759971624370991266372979 10.4982698795262558752080100457115483157000461759971624370991266372979 -4.592423382657691870883580162544948358589386682823123964892855164495673e-71
16.4982698795262558752080100457115483157000461759971624370991266372979 10.4982698795262558752080100457115483157000461759971624370991266372979 -4.710293406670047267224327949190778665197436331466605128695972944719353e-71
17.4982698795262558752080100457115483157000461759971624370991266372979 10.4982698795262558752080100457115483157000461759971624370991266372979 -4.686425424363405989846917689306840095244970583010369613044503062808107e-71
7.498269879526255875208010045711548315700046175997162437099126637297905 9.498269879526255875208010045711548315700046175997162437099126637297905 4.942905499277213697782956260900258091146472663573755262607714221138388e-73
8.498269879526255875208010045711548315700046175997162437099126637297905 9.498269879526255875208010045711548315700046175997162437099126637297905 -3.415999779987524690729065387888437850425467446639497849857469779822872e-72
9.498269879526255875208010045711548315700046175997162437099126637297905 9.498269879526255875208010045711548315700046175997162437099126637297905 1.951734376066070571675277937989010059962962616621875752011967298920992e-72
10.4982698795262558752080100457115483157000461759971624370991266372979 9.498269879526255875208010045711548315700046175997162437099126637297905 -4.196191628790584233898748865776911625257172607505192174522555607654582e-72
11.4982698795262558752080100457115483157000461759971624370991266372979 9.498269879526255875208010045711548315700046175997162437099126637297905 -2.18372009414544752616687359954361425848129582613568388603908987193049e-72
13.4982698795262558752080100457115483157000461759971624370991266372979 9.498269879526255875208010045711548315700046175997162437099126637297905 -1.346845830305810433747539415483516369271927073752496033486904684056837e-71
14.4982698795262558752080100457115483157000461759971624370991266372979 9.498269879526255875208010045711548315700046175997162437099126637297905 -1.394367733392539496356410094689835357541141944013155613796431570783025e-71
15.4982698795262558752080100457115483157000461759971624370991266372979 9.498269879526255875208010045711548315700046175997162437099126637297905 -4.598652416539415203520642822258481783144462435672948768685599919091302e-71
16.4982698795262558752080100457115483157000461759971624370991266372979 9.498269879526255875208010045711548315700046175997162437099126637297905 -4.613341834599345695017381908344320791702995897036726377569654708379968e-71
17.4982698795262558752080100457115483157000461759971624370991266372979 9.498269879526255875208010045711548315700046175997162437099126637297905 -5.151961365999530369177938638929479737830684856026060793502847408335978e-73
7.498269879526255875208010045711548315700046175997162437099126637297905 8.498269879526255875208010045711548315700046175997162437099126637297905 -2.673585098029635083219031858272661740458580441608240184757507590284492e-72
8.498269879526255875208010045711548315700046175997162437099126637297905 8.498269879526255875208010045711548315700046175997162437099126637297905 9.706545848264285429285855956217728955897752011358428132817470959896001e-72
9.498269879526255875208010045711548315700046175997162437099126637297905 8.498269879526255875208010045711548315700046175997162437099126637297905 9.714965666103341005111526304773189526678549888943508676016603975567459e-72
10.4982698795262558752080100457115483157000461759971624370991266372979 8.498269879526255875208010045711548315700046175997162437099126637297905 9.995033047730478089470258105165386930809801965543317340816882414413696e-72
11.4982698795262558752080100457115483157000461759971624370991266372979 8.498269879526255875208010045711548315700046175997162437099126637297905 -5.378284958450470287343891184511385269269231514046035273924315087820113e-72
13.4982698795262558752080100457115483157000461759971624370991266372979 8.498269879526255875208010045711548315700046175997162437099126637297905 -1.358396326225395160182590164685499432912469653238814631594149071008675e-71
14.4982698795262558752080100457115483157000461759971624370991266372979 8.498269879526255875208010045711548315700046175997162437099126637297905 -4.704757600583413817695051686218222348659188337315671615217217747027318e-71
15.4982698795262558752080100457115483157000461759971624370991266372979 8.498269879526255875208010045711548315700046175997162437099126637297905 -4.680312122196449188276791456765614264099159503128163341169787319300442e-71
16.4982698795262558752080100457115483157000461759971624370991266372979 8.498269879526255875208010045711548315700046175997162437099126637297905 -4.570326339816100962119241349149324884509593395906609595017340344329779e-71
17.4982698795262558752080100457115483157000461759971624370991266372979 8.498269879526255875208010045711548315700046175997162437099126637297905 -5.769626385638939433559242197469870580527312919896532545346000653371563e-79
8.498269879526255875208010045711548315700046175997162437099126637297905 7.498269879526255875208010045711548315700046175997162437099126637297905 -2.712923166028838244514488467852365650559068964245779050402498877045609e-72
9.498269879526255875208010045711548315700046175997162437099126637297905 7.498269879526255875208010045711548315700046175997162437099126637297905 1.630214577685769680463780081771787835196406882824015662564928570315272e-71
10.4982698795262558752080100457115483157000461759971624370991266372979 7.498269879526255875208010045711548315700046175997162437099126637297905 9.361328315110489635074687261006254393565879736820864987000794572364077e-72
11.4982698795262558752080100457115483157000461759971624370991266372979 7.498269879526255875208010045711548315700046175997162437099126637297905 -1.804749227316444012205583189061179489406858511732236892164072965442765e-71
13.4982698795262558752080100457115483157000461759971624370991266372979 7.498269879526255875208010045711548315700046175997162437099126637297905 -1.358016557234808964769240899308835289872942839155602416514088081732798e-71
14.4982698795262558752080100457115483157000461759971624370991266372979 7.498269879526255875208010045711548315700046175997162437099126637297905 -1.344404875315872643833805425827648129151582130615891488790896021577364e-71
15.4982698795262558752080100457115483157000461759971624370991266372979 7.498269879526255875208010045711548315700046175997162437099126637297905 -4.561116779195437007639609510610099920490087305749178306784280454678698e-71
16.4982698795262558752080100457115483157000461759971624370991266372979 7.498269879526255875208010045711548315700046175997162437099126637297905 -1.004301867450662715672008106995241781345620660754546157703728791293483e-72
17.4982698795262558752080100457115483157000461759971624370991266372979 7.498269879526255875208010045711548315700046175997162437099126637297905 -9.05819523274286902533584959746948357159152906370635594166800266000507e-79
11.47795273747895581731386782020169427536200016805397596748555383069412 6.498269879526255875208010045711548315700046175997162437099126637297905 -1.728323408751999045536083917808387288555978705994222692959664047652603e-71
13.4982698795262558752080100457115483157000461759971624370991266372979 6.498269879526255875208010045711548315700046175997162437099126637297905 -1.310371074864733411154092017415649438515961843726511489660613350253056e-71
14.4982698795262558752080100457115483157000461759971624370991266372979 6.498269879526255875208010045711548315700046175997162437099126637297905 -1.361057076150266713573559706858568977783900147726124527895311780524557e-71
15.4982698795262558752080100457115483157000461759971624370991266372979 6.498269879526255875208010045711548315700046175997162437099126637297905 -4.583955448109050538103081917799152658557620443904630812678929611876646e-71
16.4982698795262558752080100457115483157000461759971624370991266372979 6.498269879526255875208010045711548315700046175997162437099126637297905 -1.088415991753412395542200613403381891105955976488382211306419710892613e-72
17.4982698795262558752080100457115483157000461759971624370991266372979 6.498269879526255875208010045711548315700046175997162437099126637297905 -1.25511500056885012826215024316060626670105059800946821441080580445681e-78
15.4982698795262558752080100457115483157000461759971624370991266372979 5.498269879526255875208010045711548315700046175997162437099126637297905 -4.589435305548317075122935945978548068119740473690452734189527488757512e-71
16.4982698795262558752080100457115483157000461759971624370991266372979 5.498269879526255875208010045711548315700046175997162437099126637297905 -7.608032933620393871295166103046820150693878774665280068769552012527804e-79
17.4982698795262558752080100457115483157000461759971624370991266372979 5.498269879526255875208010045711548315700046175997162437099126637297905 -9.167671406692428529755481006394750124159842935575256207576504591672974e-79
16.4982698795262558752080100457115483157000461759971624370991266372979 4.498269879526255875208010045711548315700046175997162437099126637297905 -1.933236464608943591739802222197700348863363428168141337422767236974957e-80
17.4982698795262558752080100457115483157000461759971624370991266372979 4.498269879526255875208010045711548315700046175997162437099126637297905 -9.123942766463783520212035450057617021873903797769205382572711873070978e-79
17.4982698795262558752080100457115483157000461759971624370991266372979 3.498269879526255875208010045711548315700046175997162437099126637297905 -9.425954490933086516498019536497079998435677232754869445229588171820557e-79
0.6416919474235852645190787944384913196533424231573262701544072640236809 16.00152497997268261159057670360312407612977627641109216603310360218279 20.1606861046009484846009950415751825949188290347858012760519464343642
6.498269879526255875208010045711548315700046175997162437099126637297905 10.4982698795262558752080100457115483157000461759971624370991266372979 5.211929004672815830005851698079716086278375323238363427855905415995472e-72
6.495092683695200999999998193652984253034126202177200856667327425203889 9.498269879526255875208010045711548315700046175997162437099126637297905 -2.003973938610976684479495042479569995322857219548633370622014538417346e-72
10.47795273747895581731386782020169427536200016805397596748555383069412 6.498269879526255875208010045711548315700046175997162437099126637297905 -9.024694715132993466485647804304482867943535394870162562773764979348181e-72
9.477952737478955817313867820201694275362000168053975967485553830694124 6.498269879526255875208010045711548315700046175997162437099126637297905 -3.35387221923744289643403390365309965891840379605306286842804590097089e-72
8.477952737478955817313867820201694275362000168053975967485553830694124 6.498269879526255875208010045711548315700046175997162437099126637297905 2.801073354246247249714301146719063262148003770633685985967441301122288e-72
3.5 5.060763431214762890400531114034472384833088364590247725216887221912793 -1.032395549471821999759609778655259034716390928255676906256854723295316e-73
12.4982698795262558752080100457115483157000461759971624370991266372979 13.4982698795262558752080100457115483157000461759971624370991266372979 -7.350025053881065705659673045844364959269782336973651574598147936792731e-71
12.4982698795262558752080100457115483157000461759971624370991266372979 8.498269879526255875208010045711548315700046175997162437099126637297905 -1.772647208005854860142171021857169749555441465159365150366030971203198e-71
12.4982698795262558752080100457115483157000461759971624370991266372979 9.498269879526255875208010045711548315700046175997162437099126637297905 -4.195078228258700489243657426137112568194135496812203013354432264529377e-71
12.4982698795262558752080100457115483157000461759971624370991266372979 10.4982698795262558752080100457115483157000461759971624370991266372979 -4.258654734406387385847909426571488850518870669346165669641597485790835e-71
12.4982698795262558752080100457115483157000461759971624370991266372979 11.4982698795262558752080100457115483157000461759971624370991266372979 -4.26945299209532776927235385007926913082085243520712042273592081689629e-71
12.4982698795262558752080100457115483157000461759971624370991266372979 6.498269879526255875208010045711548315700046175997162437099126637297905 -1.168071741854358822809960098739475677796241094353983000605960890807577e-71
12.4982698795262558752080100457115483157000461759971624370991266372979 7.498269879526255875208010045711548315700046175997162437099126637297905 -1.805861292479306896587984418045292002286655695698782233759167633894179e-71
12.4982698795262558752080100457115483157000461759971624370991266372979 14.4982698795262558752080100457115483157000461759971624370991266372979 -4.36584011592054153102175624322312813841981256265880070141728420480888e-71
12.4982698795262558752080100457115483157000461759971624370991266372979 15.4982698795262558752080100457115483157000461759971624370991266372979 -7.195009148743880158149715290001970345480382521565113338083841298995304e-71
12.4982698795262558752080100457115483157000461759971624370991266372979 16.4982698795262558752080100457115483157000461759971624370991266372979 -4.154757589169456201339409524882933436555688620730228047135916062331654e-71
12.4982698795262558752080100457115483157000461759971624370991266372979 17.4982698795262558752080100457115483157000461759971624370991266372979 -4.351022490600094564054042541411658514659268337217319329841809842295106e-71
6.493424537613134500000000198496113964377583406810344598492966203323184 12.4982698795262558752080100457115483157000461759971624370991266372979 -2.304536593087678936848265371863820360211417026402174169416305893612601e-71
17.4982698795262558752080100457115483157000461759971624370991266372979 12.4982698795262558752080100457115483157000461759971624370991266372979 -4.850436047196498894104650440415574738090226835364088793877652099361237e-71
16.4982698795262558752080100457115483157000461759971624370991266372979 12.4982698795262558752080100457115483157000461759971624370991266372979 -4.843158072480420448388722917219791227167544748421700245893480427717788e-71
15.4982698795262558752080100457115483157000461759971624370991266372979 12.4982698795262558752080100457115483157000461759971624370991266372979 -4.5396917803137326413682949126117928658124618451517178653080865569117e-71
14.4982698795262558752080100457115483157000461759971624370991266372979 12.4982698795262558752080100457115483157000461759971624370991266372979 -4.580052509200392218313541340378313018304937986291505114791096209539192e-71
12.4982698795262558752080100457115483157000461759971624370991266372979 12.4982698795262558752080100457115483157000461759971624370991266372979 -4.287824212753793626544290715793316100308830929081164681117782668763139e-71
11.4982698795262558752080100457115483157000461759971624370991266372979 12.4982698795262558752080100457115483157000461759971624370991266372979 -6.615679349561499698173574320977164553335606183590359216742957478184032e-71
10.4982698795262558752080100457115483157000461759971624370991266372979 12.4982698795262558752080100457115483157000461759971624370991266372979 -6.414353765603536553247814341483405922780598944986629276718800962669506e-71
9.498269879526255875208010045711548315700046175997162437099126637297905 12.4982698795262558752080100457115483157000461759971624370991266372979 -6.060612580782175813793702888161605511444963010656225478587169316524487e-71
7.495291214014601999999834143427588421649073126192297450298387960393498 12.4982698795262558752080100457115483157000461759971624370991266372979 -6.098218522143088537787966518373100208688222831763814638605631733041803e-72
8.498269879526255875208010045711548315700046175997162437099126637297905 12.4982698795262558752080100457115483157000461759971624370991266372979 -6.269042108949906855150512006125195114451126180588745692137474252578644e-71
13.4982698795262558752080100457115483157000461759971624370991266372979 12.4982698795262558752080100457115483157000461759971624370991266372979 -4.585800932826599808800877796471300297526861500967555578487358888634736e-71
4.875179472206034234356881479914559021086121480127214021822893777392811 5.568327821369042525969309845399496698139732777472322469951564466695128 -17.01099048519955619010753008664948206040371725519582952674176230952882
