305 17.95113977220699754576300177490371547029238265718631633396814990959271
0.5 0.5 6.832655521897783597237234155980394565496580357632153621016065615384841e-81
3.700778901992031486779980851171350636610341453877056894612895026262561 1.551052690539053021116754320897346958541005722583506344110303096417344 28.9143254084690713112242128400887648394195369108123706521083579818576
10.45113977220699754576300177490371547029238265718631633396814990959271 2.5 -1.645988912676248539255814471216379423988547936638858933653337733920223e-74
10.45113977220699754576300177490371547029238265718631633396814990959271 0.5 -1.645986846090127063591871450392192601771686146341067202600140532029516e-74
9.451139772206997545763001774903715470292382657186316333968149909592709 1.504885792225281600013160019493129230860106262739885074020878598735486 -1.361638939816371064007653133071728664624290477649521027022149118176147e-73
10.45113977220699754576300177490371547029238265718631633396814990959271 1.5 -1.645997152478058655593775184391177958745722301132375437853763361225192e-74
9.451139772206997545763001774903715470292382657186316333968149909592709 0.5016295490362451999824177033841040638751191387307638958822954424546317 -9.233678284082928782911318844677757921198174597392183697009587422500834e-74
8.451139772206997545763001774903715470292382657186316333968149909592709 0.5 -9.194264750514727327820913001713935890801677471850232836081550098623044e-74
7.451139772206997545763001774903715470292382657186316333968149909592709 0.5 -1.789428763621999956861962532797838211568033607000842921959413724769806e-73
2.5 5.451139772206997545763001774903715470292382657186316333968149909592709 1.031539678668200507653815580787436510666125116192570316045335041130402e-73
1.5 6.451139772206997545763001774903715470292382657186316333968149909592709 4.090790854017362582613890747686246099076477212108162353216948177793902e-72
0.5 6.451139772206997545763001774903715470292382657186316333968149909592709 4.108659087129863338749959655384263705362767836450029311393519596656778e-72
1.5 5.451139772206997545763001774903715470292382657186316333968149909592709 4.083927181107800284749274308663713040845135833977317219316660604716024e-72
0.5 4.451139772206997545763001774903715470292382657186316333968149909592709 4.115128624703743622046504657022275011895815127203732431312008188725367e-72
0.5 3.451139772206997545763001774903715470292382657186316333968149909592709 1.090609839272346827636809053528224750501899449856480241498306811224358e-80
10.33307305252788923031387188673223865408599110081518588975997274530298 4.244885912449520939960872913942797021320373854968247422556954383430294 27.15780237820811557165021697636587058833107200610070125332509996743244
9.876630293363066299648741171987054839720292564739286347505227789170368 5.134638691375219745521331184207973434915549296136298364936353561467275 27.15780237820811557165021697636587058833107200610070125332509996743244
3.5 5.451139772206997545763001774903715470292382657186316333968149909592709 2.782596146264738313331583354753580392306389335735385196668957358747694e-72
1.801655645577147441788227091973446596828919827808204468094480677985227 0.6811587854934257569550862163093111166478834956607567109017727380174696 29.43016046298703806693801346291286999134156223818880517728673941738175
1.274114161750610079588768366046913478144902314164759934902179774173618 1.531703038742942519321461889621566934213867557059714890247576991428832 29.43016046298703806693801346291286999134156223818880517728673941738175
3.008284771777324926282119979350665273211820327464312878261090563520765 0.6631430242443221554214150638633236026139556022288523082213774924017991 24.68958568531345805368656372211767673919853172168308400415892570325102
2.512996625226757906027699845659683475064901036990414535316627023673149 1.536058553117748882522349710745298382557010182730981344068213995438912 24.68958568531345805368656372211767673919853172168308400415892570325102
1.982075830997674816418518794004326706401889934402811963668753301462142 2.392592741456748557194738399115904663842663730245391338870953402332454 24.68958568531345805368656372211767673919853172168308400415892570325102
4.191003066255438460673086941508503635418394590050258459008814699134016 0.6794224616692524353435827491781117570238983538457551722833563773197591 28.9143254084690713112242128400887648394195369108123706521083579818576
3.207218557344030847598416537447220072599576537924968110105773624113748 2.420840160422062203319238319591375177186202685001785156156078429515158 28.9143254084690713112242128400887648394195369108123706521083579818576
2.679422461669252435343582749178111757023898353845755172283356377319759 3.27171731053774511041941902572560371326848430334056116168479353227295 28.9143254084690713112242128400887648394195369108123706521083579818576
2.5 4.451139772206997545763001774903715470292382657186316333968149909592709 8.745167254502579866478236906302212252413519347631822948867303913275545e-74
5.437479292529393941031732980872248965920147024757250409681909339673844 0.5 -2.670788920150588911913819371183401608466384134671871806739852064493378e-80
4.863424483197229386266314043224176459600845646227893828562919816711047 1.530299611784935342443763455312340293106179972184531177812071480077551 28.9143254084690713112242128400887648394195369108123706521083579818576
4.373200318933822412373207952887023460792792510054692264167000143839592 2.401929840654735928216935027031575494623287340922282349639018199175136 28.9143254084690713112242128400887648394195369108123706521083579818576
3.879639974285821773191643639162892896782027594102603479659878741690779 3.27171731053774511041941902572560371326848430334056116168479353227295 28.9143254084690713112242128400887648394195369108123706521083579818576
3.5 4.445512426502599999993543691011535551111370115943831477257388369715477 6.838316111144893602182765274228995781125744219226710991868245754129234e-74
6.437479292529393941031732980872248965920147024757250409681909339673844 0.5 -4.182860152481842389518555124870498303368912297929510994052722936887284e-79
6.025753849594661430893948774606982600960709611561177021361768071911476 1.669539919092733860985897693975738529270373553613433074352058686276471 26.23971866331093908405979618934949433123931385226120496201433173707744
5.48607760449320070478286601868800378247126223847087608103709631398325 2.518408174859284051419211731970571464263863162764280115539432604546755 26.23971866331093908405979618934949433123931385226120496201433173707744
4.995152693927949076111669621396333044237038700043058796024948272601888 3.391307053662986885955420730072521898544914844948734541782310200124045 26.23971866331093908405979618934949433123931385226120496201433173707744
4.5 4.451139772206997545763001774903715470292382657186316333968149909592709 -2.93854320719256150084599689971118412878895242986675179609908842648741e-72
4.5 5.451139772206997545763001774903715470292382657186316333968149909592709 -2.939572758128995845517449023666219992454375660847951763605322630719246e-72
7.156980326641962157897981401642454929988803808049077568940967898549797 1.667549958463138372871369101584510642699884233687828528570262719294559 27.15780237820811557165021697636587058833107200610070125332509996743244
6.702622848246528925753171784985339911815803036685213088838019954420481 2.558372485447576382869847713480141240249673272153452301622614182864431 27.15780237820811557165021697636587058833107200610070125332509996743244
6.163683394817873844489813076414706014028010656107525381395273193299553 3.405804498826214333360527992597346550813964247241933790415299473412943 27.15780237820811557165021697636587058833107200610070125332509996743244
5.673097769045260868112794492505180113980436988621975242317072067084797 4.278042003161736677650207282398535356311945668564341091651077842507912 27.15780237820811557165021697636587058833107200610070125332509996743244
5.5 5.451139772206997545763001774903715470292382657186316333968149909592709 -2.762564614214212779561536756906156278168508828937540055440154324765314e-72
7.823684524766303445505397665741420338138944897200476611548129898378596 2.563920296029698878111273104400810711530226027087599015369423530654669 27.15780237820811557165021697636587058833107200610070125332509996743244
7.367241765601480514840266950996236523773246361124577069293384942245982 3.453673074955397683671731374665987125125401468255649957748822708691649 27.15780237820811557165021697636587058833107200610070125332509996743244
6.828302312172825433576908242425602625985453980546889361850638181125053 4.301105088334035634162411653783192435689692443344131446541507999240162 27.15780237820811557165021697636587058833107200610070125332509996743244
6.5 5.451139772206997545763001774903715470292382657186316333968149909592709 -2.658550711922023202195478220219636478986787478705696102884819238287894e-72
8.278042003161736677650207282398535356311945668564341091651077842507912 1.673097769045260868112794492505180113980436988621975242317072067084797 27.15780237820811557165021697636587058833107200610070125332509996743244
8.487673919649045082030677243357107136124895927827086637892327767480427 3.460448025979116537784960539396103360413633380856877701377518897530642 27.15780237820811557165021697636587058833107200610070125332509996743244
8.029645492705797468418035335706938639861920205086844008959765710374974 4.35329177805309753053619786360539623162664884440395446222085658085329 27.15780237820811557165021697636587058833107200610070125332509996743244
7.552052071230642005019960248205364534429597307857243157888170880368667 5.399087700976355540743041526698350935862785349329073176079979029224042 6.326501836335087766297906791606052826737137920556751130274136095404071
9.184658735430785626025598311588511952050333274637142032392147114641942 4.292657137991808041724880950411242849073939344285484191845060375098471 27.15780237820811557165021697636587058833107200610070125332509996743244
8.728215976265962695360467596843328137684634738561242490137402158509328 5.182409916917506847285339220676419262669114785453535134224459553135451 27.15780237820811557165021697636587058833107200610070125332509996743244
0.5 2.451139772206997545763001774903715470292382657186316333968149909592709 -3.07077279627687676746680990427427583815854713267519839910480147276654e-80
1.5 3.451139772206997545763001774903715470292382657186316333968149909592709 3.104664796531983001081506041532519785138982722937307808515979151345037e-80
8.945703355617819114667276576521808353422322817059427762904169632109414 2.567602306991983541015859768444204252499596743138554927462908913939224 27.15780237820811557165021697636587058833107200610070125332509996743244
9.641101494595608556690729026333695766416031810713041574646892070774556 3.40290435906610923616442268014606643547876390311743324946566119706149 27.15780237820811557165021697636587058833107200610070125332509996743244
12.55097143794511583993452780243478366400575046929311492085181306368013 6.639878816585861243357494975810899578730921401958255689707891264676641 -16.81725966769389417601899509809665809770614211298354161579011601564036
13.53884996526449566683290783835009996981473924120313757616591509090017 6.32284196473050019113571640974580857022368991797221055734988222064183 -20.77696035924031490395073099923035976100107558377044661152655913009553
14.45113977220699754576300177490371547029238265718631633396814990959271 5.5 -2.227358755945555509855249508336807084668724274627655626233178385677519e-79
11.57334921847544965914380279599074897963524420800796726136244574509591 7.972088286328335876691083203797133582314773687658066219484942946610487 -16.81725966769389417601899509809665809770614211298354161579011601564036
12.53278384415141915993297420621246714325002029976462231528994349161987 7.69005435553742757655604419110100898322377909071953100103372441289169 -16.81725966769389417601899509809665809770614211298354161579011601564036
13.50641655824303864089556879030339606363366234606419451675031128861258 7.408980411571471044696035164298223142368259596964637547388799787855996 -18.36389293403149814831870978662309385567995181673299473291999464012884
14.44745190747305921334370307900933847317201098796331779964353426860457 7.069711157243059921031765490442348831844933921602059939996596719634259 -18.36389293403149814831870978662309385567995181673299473291999464012884
11.56782647008926997538324045305254495353351259841602324626354885389968 9.031577676870352045604114463556275448786800403402125658511583222079356 -15.35696411437294905763083924173042152176082451164153622594997058765211
12.5253698430846757756730449233719853090691767886075407527916670565834 8.742163517486477794409322508510513820556512249545817557752225080158819 -15.35696411437294905763083924173042152176082451164153622594997058765211
13.4896287581727291515488590796118641573895419284982590363219517367252 8.477201703585478465319845839356104491918551861127718255896810271879606 -15.35696411437294905763083924173042152176082451164153622594997058765211
14.4445222277497540697882323573834840365838499194367086650037925640854 8.178138828879956237838336088542169564954804757676564493132472753610054 -15.35696411437294905763083924173042152176082451164153622594997058765211
15.38813822757387505823995649767161595721276683105951122440665769338837 7.838012912238833326155631869379922994022152457402830784790909530346711 -15.35696411437294905763083924173042152176082451164153622594997058765211
12.51626476995418224028217633267831708928977888703823233035581567781646 9.808128009399728942072591991782679832087997483503890899189899084020197 -15.35696411437294905763083924173042152176082451164153622594997058765211
11.56300154463312248752304527723209951307961582612680510956149221620433 10.113126859968164219607369905523792476270230199783485549177240379246 -15.35696411437294905763083924173042152176082451164153622594997058765211
13.47380814294958804057198080299775744482544307722974983688393388050018 9.51871385001585469087780003673691820385770932964758279843054094209966 -15.35696411437294905763083924173042152176082451164153622594997058765211
14.43851427807731302690054680928870061107461195065544506468245797661631 9.255380434651570353787808972200540832062766805087686903394433543657163 -15.35696411437294905763083924173042152176082451164153622594997058765211
15.39296052761466633468716823700925617234011620805891774909605938800218 8.954689161409333134306813616768573948256001837778329733810788615550895 -15.35696411437294905763083924173042152176082451164153622594997058765211
16.33657652743878732313889237729738809296903311968172030849892451730516 8.614563244768210222624109397606327377323349537504596025469225392287552 -15.35696411437294905763083924173042152176082451164153622594997058765211
10.5 14.45113977220699754576300177490371547029238265718631633396814990959271 -4.798704039671635434124830885465820675397735805375445196738172715229821e-72
12.53261822770227127862024646660253141559877018682810238792991714594729 10.89019399091817389437526730717138913657021605300144190308703214239012 -14.65280217617560898849720901563651409714287264153648911955548059496986
13.4864479569735693756545090919726822985176511201970695518018367802303 10.58503955686486837779380509769381736100827308054791281910422515871815 -14.65280217617560898849720901563651409714287264153648911955548059496986
14.44436628928889249536918596407791457488282921468761673270318194134793 10.29552241942117165376691740578151862196690203110933158661627870158393 -14.65280217617560898849720901563651409714287264153648911955548059496986
15.41028318492292646242137825066688048079212352349010170610675473961564 10.03659663695095445039442717261210077726978656800345054702910581382694 -14.65280217617560898849720901563651409714287264153648911955548059496986
16.36408664764327279075850173786007731381883986906189278818827201159423 9.731341743683652982120821798138973883660420516419011783178753340716552 -14.65280217617560898849720901563651409714287264153648911955548059496986
13.49818951168654303489482661660648953580555736677725034505785242873171 11.68598455202991674452846130800850388912664700940662895554811737845787 -13.00623532775207703563427356729403676246584806080227051840587057669383
14.45391923178601286970980560574799250498081453080826546470143757758324 11.38033333720448536525000124908939044279216462808805266962438883555046 -13.00623532775207703563427356729403676246584806080227051840587057669383
15.41328804634591938228054128759506229681495586649838892840591055329602 11.09043694967245407755744312604825803913667577748676080323623704472421 -13.00623532775207703563427356729403676246584806080227051840587057669383
16.38054088123214192789967727011597443694644909246424792925458548724333 10.83467305855379152442581824810346196898542678149366278144088390478029 -13.00623532775207703563427356729403676246584806080227051840587057669383
3.5 12.45113977220699754576300177490371547029238265718631633396814990959271 -5.800826604995034691026664286532831749174435688217494831143246171426052e-72
12.58532162979540655899666614164683906150471990893963643590143742369785 13.21227529589455180994334705368203520279931936709759332620783921942606 -14.68535993979190435651363711896647734200493006145660992615697759612479
13.53923165491345626699615774547948540963203211312285873898145740909739 12.90754753689985813106862106592860537078985850137200135388294302013396 -14.68535993979190435651363711896647734200493006145660992615697759612479
14.46153412311353107546247170767172778316128343791707463240612643952095 12.48221339325437969764646725572105824034085914245164357098427214262043 -14.68535993979190435651363711896647734200493006145660992615697759612479
15.41533463750701241947008433625304515926842419566938055511848425311098 12.17706776923440255024725802253812750849878036493888790252022651913635 -14.68535993979190435651363711896647734200493006145660992615697759612479
7.5 9.451139772206997545763001774903715470292382657186316333968149909592709 -2.024809175889131805232796902615530650212058764620882923588048554953548e-72
12.61025070520607407386062147811796747190604390582327712112310502314148 14.34088906700092347190238029678574799838633875136303921284504488645123 -14.6579254990093017471375376464450558842092959092625311138484949924851
13.55282892283216284521874084276244371458977076538905636776458910054427 13.99273679677917652965537839254889286447889659429607717182507218559514 -14.6579254990093017471375376464450558842092959092625311138484949924851
14.50676358262239496991717534940374870276435614920500157216376319523911 13.68800258172657666328821388289710014795339473900290827085969328219424 -14.6579254990093017471375376464450558842092959092625311138484949924851
15.42914843440737651287406507130526816623168300646510932727777496024105 13.26264684764990682871433929584411507729822612285590058755838062081117 -14.6579254990093017471375376464450558842092959092625311138484949924851
16.382973783555738594335361688566767432366573945449983808711045215171 12.95749471513594978357316634561611120283542231732226420127912414147468 -14.6579254990093017471375376464450558842092959092625311138484949924851
17.34088906700092347190238029678574799838633875136303921284504488645123 12.66797925741599799797017034423657772616632009364389693580574798250666 -14.6579254990093017471375376464450558842092959092625311138484949924851
13.56767440021653269684711235698988393235414589903670380475768892402136 15.11913672628798570836569393250981962339170257855862795147928607920451 -15.8876397275837543826111679128719922904564568148545144447039097284948
14.50844502527781044531107606976296306059501729999529554808502224971233 14.77149894079001386088233282882855819384097455654816795695276617385564 -15.8876397275837543826111679128719922904564568148545144447039097284948
15.46149843862097396120215925772014423859052567079154870694637861231638 14.46701554986876091499183187849291740265848152850880357783634917351328 -15.8876397275837543826111679128719922904564568148545144447039097284948
16.38042852297945019762093396874620204320932329892545592860697377066052 14.04264312646714832200364141237490980749007454370951815047836784505744 -15.8876397275837543826111679128719922904564568148545144447039097284948
17.33336370920080561705233975747516756407212358038147404033149849248552 13.73774435593117868464451147597317324298996940379559509110269577730659 -15.8876397275837543826111679128719922904564568148545144447039097284948
14.50537526485139908834003549137393827074430450900233584766530251197144 15.88015327735229638570108181470876491946693152875229238037000969085902 -19.54689395833863395979340141730192911011710049646066528435658218812521
15.4521320566801735276751118373326270048019006695262296237708134918827 15.53340242767854194466508380704288354173097925374329117135268428079416 -18.59836652961788659870495133929258496027261369665158074422135993867818
16.40501434539931662043048881375787499094386394237261405321753211527306 15.22964013341246486067955902238168942825482899481802439848325711627547 -18.59836652961788659870495133929258496027261369665158074422135993867818
17.31778487630709653303086278510102407909755535634265047796079911660679 14.80667692098784583235788131784799195710411729961834310556587356345719 -18.59836652961788659870495133929258496027261369665158074422135993867818
15.40993780049366709130195286157228068981124080434425953115730673744222 16.61862906901268263935676071758406328210318690797685285122846035944302 -20.35549010949521074911996349767565034235815105282635766043851412662147
16.36712358087463 16.309765279434416 -19.80332519413525
17.311288955554595 15.978304022460716 -19.78243981486465
16.45113977220699754576300177490371547029238265718631633396814990959271 17.45113977220699754576300177490371547029238265718631633396814990959271 8.216729754144901804803026137627284296964192775079245158538328797563911e-79
17.45113977220699754576300177490371547029238265718631633396814990959271 17.32181894081580300000062457036174355412997071701333336624226987211808 -1.110154294696437152158264723636221958722784923502751143121132912424969e-78
11.5 17.45113977220699754576300177490371547029238265718631633396814990959271 -5.965697470842425525155437626845668357008213476250758161364650668963525e-72
12.5 17.45113977220699754576300177490371547029238265718631633396814990959271 -5.914162104643175663351607865160405632894036279279766293043025595770513e-72
13.5 17.45113977220699754576300177490371547029238265718631633396814990959271 1.619214963718713560529937815319865085298723949962675715764741912579093e-73
14.5 17.45113977220699754576300177490371547029238265718631633396814990959271 3.478430963043845833987305668353179773420705082968459254273054721160372e-79
11.5 16.45113977220699754576300177490371547029238265718631633396814990959271 7.888058657873386635226087124090703099347073957649485265703077733386167e-74
12.5 16.45113977220699754576300177490371547029238265718631633396814990959271 7.88812144836568104784503223369608449214053110116281008422875011249053e-74
13.5 16.45113977220699754576300177490371547029238265718631633396814990959271 4.227769705907025712911098634771666995025484295965432630090464636786382e-75
11.5 15.45113977220699754576300177490371547029238265718631633396814990959271 -6.013415154772713275557134406174182802688445045588376396774395968533252e-72
12.5 15.45113977220699754576300177490371547029238265718631633396814990959271 4.206915066327364650490920464594148323231857451586819117962792773927095e-75
11.5 14.45113977220699754576300177490371547029238265718631633396814990959271 -4.82046860770344179371544125605323257614567665856609234252664437024723e-72
1.5 4.451139772206997545763001774903715470292382657186316333968149909592709 1.104717850939177203115141133140197900463279756488577521511882105472352e-79
12.57043455389006022217021985118723485250273567086990012520552218209614 12.11274764055059512128895251709356663899320219696267168918222923432084 -13.00623532775207703563427356729403676246584806080227051840587057669383
17.34088906700092347190238029678574799838633875136303921284504488645123 11.63433820646664162704816487803532807303562133331706485927004054077176 -14.6579254990093017471375376464450558842092959092625311138484949924851
17.39239785165142505020802805814580942542710970208273836322276027514044 10.55874192055557249555497371675790604486527295510357797074538963445227 -7.202373528491980774165181419783607939302428761648917664201480768291029
17.45113977220699754576300177490371547029238265718631633396814990959271 9.5 2.428103282600563079992231130935413092247691135130346257950575941255077e-79
4.5 11.45113977220699754576300177490371547029238265718631633396814990959271 -7.986955196177019530622867281301681153339194242729905530935734002488673e-72
16.45113977220699754576300177490371547029238265718631633396814990959271 7.5 -2.166864454760108202741552776984522007490569606209125633814260340848043e-73
17.45113977220699754576300177490371547029238265718631633396814990959271 8.5 1.230224902893627071780432557743003195403488336972004576638767207559856e-79
15.45113977220699754576300177490371547029238265718631633396814990959271 6.5 -2.166876376173062299507544703043963007818722993788107123860377460498797e-73
16.45113977220699754576300177490371547029238265718631633396814990959271 6.5 -2.166867832468092915747364624767319927063410897444147765398858371041103e-73
17.45113977220699754576300177490371547029238265718631633396814990959271 7.5 -3.628930960230193219981598122283464259124017540314759292491895311850831e-80
11.5557615966807186406929675851852203227164603251196357334686886078412 5.88804728017314344839583982716687461649483343674910018360355474226708 -16.81725966769389417601899509809665809770614211298354161579011601564036
12.51519622235668814148213899540693848633123641687629078739618635436516 5.606013349382235148260800814470750017403838839810564965152336208548283 -16.81725966769389417601899509809665809770614211298354161579011601564036
6.5 7.451139772206997545763001774903715470292382657186316333968149909592709 -4.211916277803432052043794213533991418764205366604889899305657058485448e-72
15.45113977220699754576300177490371547029238265718631633396814990959271 5.5 -1.113594639055064733627196729953936896818786222075666131171632231002439e-78
16.45113977220699754576300177490371547029238265718631633396814990959271 5.5 -1.083880290915220012899097703783311509972891719149352435956882238802422e-78
17.45113977220699754576300177490371547029238265718631633396814990959271 6.5 -2.170565538951611096421210302060027648323457722043614555768340743796958e-79
0.5 17.45113977220699754576300177490371547029238265718631633396814990959271 7.068787017417956990133937015750598005806668158800098564886173916092668e-72
1.5 17.45113977220699754576300177490371547029238265718631633396814990959271 7.79185786879693982475245842168930762192637892301851795347871354075002e-72
2.5 16.45113977220699754576300177490371547029238265718631633396814990959271 8.123228598906649965840789571361718246865591710413892304773495153862563e-72
3.5 17.45113977220699754576300177490371547029238265718631633396814990959271 8.369772619740082739540249893685389814371774535972865881166370761690394e-72
4.5 17.45113977220699754576300177490371547029238265718631633396814990959271 8.128046415592133283603406752913570885554550214154374567958796999615783e-72
5.5 17.45113977220699754576300177490371547029238265718631633396814990959271 4.789357388882917198055198880774294273763059253662036954040705220372847e-73
6.5 17.45113977220699754576300177490371547029238265718631633396814990959271 -2.239771182897899039714826421419928535622038121806991947678866449222396e-74
7.5 17.45113977220699754576300177490371547029238265718631633396814990959271 -1.792718925521323965073694121684530322702402843540859961651298296813855e-78
8.5 17.45113977220699754576300177490371547029238265718631633396814990959271 -1.933550394774447758180317524949764308178125730392341923855084550259292e-78
9.5 17.45113977220699754576300177490371547029238265718631633396814990959271 -4.639577396687914312326459796740762509141021139969538591771168682883461e-72
10.5 17.45113977220699754576300177490371547029238265718631633396814990959271 -5.859376356630663871113596828348965048866212210744220248802392312473184e-72
0.5 16.45113977220699754576300177490371547029238265718631633396814990959271 -1.484171673212937904584324963020874664921282097831677912825003369936538e-80
1.5 16.45113977220699754576300177490371547029238265718631633396814990959271 6.604248682413948560680365885809828077493455970561557351840664763878375e-73
2.5 15.45113977220699754576300177490371547029238265718631633396814990959271 8.34036065741485810420885639522275653601026687512264872774498552417686e-72
3.5 16.45113977220699754576300177490371547029238265718631633396814990959271 -6.838190708680756140315064230837355338995969458987486924758091323619459e-73
4.5 16.45113977220699754576300177490371547029238265718631633396814990959271 -6.832169112524570359849039175535258505072876257395515426396889405373606e-73
5.5 16.45113977220699754576300177490371547029238265718631633396814990959271 -1.885123946619680169004650328302517133142488152958131487667491397958648e-78
6.5 16.45113977220699754576300177490371547029238265718631633396814990959271 1.35245264678688357553296167271569314772329939359866683324923174834283e-71
7.5 16.45113977220699754576300177490371547029238265718631633396814990959271 1.21224542273671269511119241743136787044093528601149787538577041021436e-71
8.5 16.45113977220699754576300177490371547029238265718631633396814990959271 6.12348714768566817610472535403715282837118015921364110081834006705509e-73
9.5 16.45113977220699754576300177490371547029238265718631633396814990959271 -5.842309813416756309188298503196519989882674623481459553270316377405715e-72
10.5 16.45113977220699754576300177490371547029238265718631633396814990959271 -5.950800522116357928625161615713776870956008078058565306845186003227405e-72
0.5 15.45113977220699754576300177490371547029238265718631633396814990959271 7.283510167583423469625845462522175035025162806475130607876768945861508e-72
1.5 15.45113977220699754576300177490371547029238265718631633396814990959271 8.341565111586228933644360476924254636264207766221252541929555403284011e-72
2.5 17.45113977220699754576300177490371547029238265718631633396814990959271 7.911817663977419848972959746877409781954134331850174125923147943213253e-72
3.5 15.45113977220699754576300177490371547029238265718631633396814990959271 -2.15575937343715343026252920620050338722891105287089267085803048788181e-72
4.5 15.45113977220699754576300177490371547029238265718631633396814990959271 1.468577581111608980738585419075398627585119402791221209067473935364528e-71
5.5 15.45113977220699754576300177490371547029238265718631633396814990959271 -1.920655942960953072584306473004554035750522882403817405631551711303374e-78
6.5 15.45113977220699754576300177490371547029238265718631633396814990959271 1.253784518738264625845438681281550926518437868390930794454593372298939e-71
7.5 15.45113977220699754576300177490371547029238265718631633396814990959271 -2.792679285146264249651838105359538014273294529358262336483088535737115e-73
2.5 11.45113977220699754576300177490371547029238265718631633396814990959271 -5.82174568963782276141760422762286473666377511399976879886359620516234e-72
9.5 15.45113977220699754576300177490371547029238265718631633396814990959271 -5.940385383637979127104385101813123661053646070782216294403747153155465e-72
10.5 15.45113977220699754576300177490371547029238265718631633396814990959271 -5.958868585674969503479969478091324199544033053888704432705579007360337e-72
0.5 14.45113977220699754576300177490371547029238265718631633396814990959271 -5.781679409919451304406304844426484620655926280649500803366207656229503e-72
2.5 13.45113977220699754576300177490371547029238265718631633396814990959271 7.470628104150788394629650185554277187531484283071850731888768773054093e-72
11.5 13.45113977220699754576300177490371547029238265718631633396814990959271 -4.395596800284592441373791640109040636180579080338607251706540081770207e-72
3.5 13.45113977220699754576300177490371547029238265718631633396814990959271 7.059151653927257701308751434988445373622291857389103322375495962495649e-72
4.5 14.45113977220699754576300177490371547029238265718631633396814990959271 1.289652011875271550168725365826027105757143566575436164984367449438015e-71
6.5 14.45113977220699754576300177490371547029238265718631633396814990959271 1.161531098032498142544484962738488116171413839724060672996185543724095e-71
7.5 14.45113977220699754576300177490371547029238265718631633396814990959271 1.277234480144250441107930282452769785060089003122425187426437304722985e-71
8.5 14.45113977220699754576300177490371547029238265718631633396814990959271 -3.85326277877390151760905002393943797335755419015394426988544653065728e-72
5.5 14.45113977220699754576300177490371547029238265718631633396814990959271 1.325730267624751660474751185679935269600850474709802113467499324177773e-71
9.5 14.45113977220699754576300177490371547029238265718631633396814990959271 -4.897652067544932576357467508660825858087452754768397308393073761144987e-72
10.5 13.45113977220699754576300177490371547029238265718631633396814990959271 -4.940880056330669169782434897512424738132933857641787248454725239564681e-72
2.5 14.45113977220699754576300177490371547029238265718631633396814990959271 7.301480017690825735292197081290473985831825499366791785419189916394846e-72
1.5 14.45113977220699754576300177490371547029238265718631633396814990959271 -5.74477470432831131051100958152694171684164316795862375188930092152887e-72
1.5 13.45113977220699754576300177490371547029238265718631633396814990959271 7.351270603526060621804917388119416856923092091628290225941791500981632e-72
3.5 14.45113977220699754576300177490371547029238265718631633396814990959271 1.316344262815602485322574171830917348433805517194440699882543695382325e-71
4.5 13.45113977220699754576300177490371547029238265718631633396814990959271 -7.781415756055504988102785147439213341787842459773140994823163016354429e-72
5.5 13.45113977220699754576300177490371547029238265718631633396814990959271 -7.324063094848594348920963101011545019952968003365511402853886163605751e-72
6.5 13.45113977220699754576300177490371547029238265718631633396814990959271 1.301437215286832999270372980180320757529119849206375751749716420983754e-71
7.5 6.451139772206997545763001774903715470292382657186316333968149909592709 -1.023979816019600428104819173616882142628235974198677128097995181018878e-72
8.5 13.45113977220699754576300177490371547029238265718631633396814990959271 -8.993057844753612504677143713903700219543228585427246330470262004333554e-72
9.5 13.45113977220699754576300177490371547029238265718631633396814990959271 -4.849818736605691996834928291054022122755907922216622752010928252377264e-72
11.6102187620724792872994775261303298972032336808069205122730310078173 11.31555680660898669670996202219441988458550063153823788073480190816063 -14.65280217617560898849720901563651409714287264153648911955548059496986
0.5 12.45113977220699754576300177490371547029238265718631633396814990959271 -5.803412993769703611214662234275970229375269075013683068318208303495017e-72
7.5 13.45113977220699754576300177490371547029238265718631633396814990959271 -5.743662932821335292684447425996926078412431691801655784534677390672855e-72
0.5 13.45113977220699754576300177490371547029238265718631633396814990959271 -5.756934623170705087322587073943319216312173928639153990861350816473659e-72
2.5 12.45113977220699754576300177490371547029238265718631633396814990959271 -5.835836024053288483472250091149251157334132396281166252631112794932696e-72
7.5 12.45113977220699754576300177490371547029238265718631633396814990959271 -5.755583672748961049342045761266675009557282022095000945483918406601433e-72
8.5 12.45113977220699754576300177490371547029238265718631633396814990959271 -5.781081125282197070658742323375262953610687931282325319879354276935821e-72
4.5 12.45113977220699754576300177490371547029238265718631633396814990959271 -7.998547814563713126470851971300251630932517624481897417794653386668725e-72
6.5 12.45113977220699754576300177490371547029238265718631633396814990959271 -5.802212549516830799401613090844166994403959377753415679085464263829187e-72
9.5 12.45113977220699754576300177490371547029238265718631633396814990959271 -5.83324963527861956328253540551062432399386609787280576491889880208668e-72
10.5 12.45113977220699754576300177490371547029238265718631633396814990959271 -3.065230219818796109384003486539774778493904868898642652096391790869818e-72
11.56310918602547981643166885903044044694572862661006361118001687563178 12.38803058618151772933133291587327502334665403057625272278813303396093 -7.783582891497961761236249831813090005215449528185483446321080508691772
0.5 11.45113977220699754576300177490371547029238265718631633396814990959271 3.5807240545477208632253765971787832216730430396345104709762460613701e-74
1.5 11.45113977220699754576300177490371547029238265718631633396814990959271 5.207636709256237440121481748307737383006687089140516163143476650215917e-75
8.5 15.45113977220699754576300177490371547029238265718631633396814990959271 2.073977182686013638554400271486132625347536228519593360608212943132322e-75
16.37323257243174043013831813464936509066485462568429812041629974177463 11.88755685807597294940263334492797006283018091203088016420945231304884 -14.68535993979190435651363711896647734200493006145660992615697759612479
17.45113977220699754576300177490371547029238265718631633396814990959271 1.5 -8.449874236882432060286053534297874688280604091860573103244525645166879e-74
6.5 11.45113977220699754576300177490371547029238265718631633396814990959271 -5.854137870679987254250688815458693284318258831730546871687625931299566e-72
5.5 11.45113977220699754576300177490371547029238265718631633396814990959271 -7.986804555068014631097625400356366269831393578156260105443449389830836e-72
8.5 11.45113977220699754576300177490371547029238265718631633396814990959271 -2.019786983045265447407059060957961887500604589549433217905675849353529e-72
5.5 12.45113977220699754576300177490371547029238265718631633396814990959271 -5.855705170612074968222783271738786941054043068923575238875162741540703e-72
9.5 9.451139772206997545763001774903715470292382657186316333968149909592709 -2.783915958841877563375769137791428839759376649541460226865939830781041e-73
10.5 11.45113977220699754576300177490371547029238265718631633396814990959271 -3.590104003113442207214284472867210557643047697048592258850515608723405e-72
0.5 10.45113977220699754576300177490371547029238265718631633396814990959271 1.488069102910426883413037497000317520801248271682522862693274872211096e-80
1.5 12.45113977220699754576300177490371547029238265718631633396814990959271 -5.77442584556830396598951528555425015097109961274733698118448759495041e-72
2.5 10.45113977220699754576300177490371547029238265718631633396814990959271 -5.812437709856590374089023759296750740351826705233384877641561983645913e-72
3.5 11.45113977220699754576300177490371547029238265718631633396814990959271 -7.981145399852144715136143294023163732563878235481567864936470334013872e-72
4.5 10.45113977220699754576300177490371547029238265718631633396814990959271 -8.029523414801940366226462874626218271866502540432477232881141286424771e-72
5.5 10.45113977220699754576300177490371547029238265718631633396814990959271 -5.160665228221400602205025684866801758116142462463746509365485474086655e-72
6.5 9.451139772206997545763001774903715470292382657186316333968149909592709 -7.892262775083473160794114033190101684906132892432907671946420910247884e-72
7.5 11.45113977220699754576300177490371547029238265718631633396814990959271 -1.824539149496314515364007818414282324885908325717643232692211435077328e-72
8.5 10.45113977220699754576300177490371547029238265718631633396814990959271 -1.126062443757072998291945136745004757626118867650719477351481012078625e-72
9.5 11.45113977220699754576300177490371547029238265718631633396814990959271 -2.720672597127248623322662099702422005037349244018808593019516258133718e-72
10.5 10.45113977220699754576300177490371547029238265718631633396814990959271 -3.184377385810927232648290440932495427336202153032574097855125630569774e-72
0.5 9.451139772206997545763001774903715470292382657186316333968149909592709 5.907302992481845911422582597724086177039964438627383181734077649178286e-80
1.5 10.45113977220699754576300177490371547029238265718631633396814990959271 -5.772858545636216251994244867685063726852971068789983231744050664219083e-72
2.5 9.451139772206997545763001774903715470292382657186316333968149909592709 -3.411874323422577032708354841757458086142688647285603540956054534521183e-72
3.5 10.45113977220699754576300177490371547029238265718631633396814990959271 -5.976320722873006041332322098470773218216216144931658991481141001017426e-72
4.5 9.451139772206997545763001774903715470292382657186316333968149909592709 -8.289325600844155769449527279834338711800987365522328380459218395557265e-72
5.5 9.451139772206997545763001774903715470292382657186316333968149909592709 -8.058289042342956550247670026181162774203086947428497391229416927954023e-72
6.5 10.45113977220699754576300177490371547029238265718631633396814990959271 -5.499133990388373240545735601237170628600853801579861655357762906058702e-72
7.5 10.45113977220699754576300177490371547029238265718631633396814990959271 -5.369423184708241098384664947035687169610449414264882872310418366864985e-72
8.5 9.451139772206997545763001774903715470292382657186316333968149909592709 7.860023166001509314221013714839902311713597074735857207066616766294587e-75
9.5 10.45113977220699754576300177490371547029238265718631633396814990959271 -3.920678415455365688749475554756905497670419792128688250387644538383759e-72
10.61456324476821022262410939760632737732334953750459602546922539228755 9.336576527438787323138892377297388092969033119681720308498924517305158 -15.35696411437294905763083924173042152176082451164153622594997058765211
0.5 8.451139772206997545763001774903715470292382657186316333968149909592709 1.797508532115874563070103471647221426226788457884564421303178785289235e-80
1.5 9.451139772206997545763001774903715470292382657186316333968149909592709 5.421889931710806520675793854349234723458274661752836280888107410039846e-80
3.5 8.451139772206997545763001774903715470292382657186316333968149909592709 -2.83244554799602726838578843307418493705301266588833577258387785721903e-72
3.5 9.451139772206997545763001774903715470292382657186316333968149909592709 -3.358399473407136576500193723671142023979764409029549639893579838791711e-72
5.5 8.451139772206997545763001774903715470292382657186316333968149909592709 -2.85399314213647625667430721020026914241275872750580933172476350996828e-72
6.5 8.451139772206997545763001774903715470292382657186316333968149909592709 -2.938868309971245633483988066450447482494995935847844626909356487659093e-72
1.5 8.451139772206997545763001774903715470292382657186316333968149909592709 -2.576413945247446002661269965385068313501598759624785183735156498318314e-80
4.5 8.451139772206997545763001774903715470292382657186316333968149909592709 -2.943230095322475727494308753739073648377119107493773951331947149435756e-72
8.5 8.451139772206997545763001774903715470292382657186316333968149909592709 -2.707531633579423463202438783246980465208683672563334157118416119057432e-73
9.5 8.451139772206997545763001774903715470292382657186316333968149909592709 -3.748110584872923929201649775585078587504790825470927000342525895549508e-73
10.61611683174657990275602681288843925383646845006551526541595701155715 8.261408451193060664314908878137471702465109712950992957020221639373002 -16.81725966769389417601899509809665809770614211298354161579011601564036
0.5 7.451139772206997545763001774903715470292382657186316333968149909592709 9.674800728848923755944377721514310845870542145077489135839883100579911e-72
2.5 8.451139772206997545763001774903715470292382657186316333968149909592709 -3.350362599852217834019505225805470988882605070257242501977891302148157e-72
2.5 7.451139772206997545763001774903715470292382657186316333968149909592709 -3.107742279631546957182442927777467935967254457874225510576096303044235e-72
3.5 7.451139772206997545763001774903715470292382657186316333968149909592709 2.717368899932842917930362507559735527146135341149957889484133667144802e-72
4.5 7.451139772206997545763001774903715470292382657186316333968149909592709 -2.132153670968865163755761019068326205689672635587036144659159224923487e-72
5.5 7.451139772206997545763001774903715470292382657186316333968149909592709 -2.704670452992656346152980844839805030157237401649905156588422767355735e-72
7.5 7.451139772206997545763001774903715470292382657186316333968149909592709 -5.120036728442759290867470700141919316413560868591449099811477658988052e-73
7.5 8.451139772206997545763001774903715470292382657186316333968149909592709 -4.563655534411542503307045695755220985883572878197176686037466861014921e-73
8.5 6.442794750562066999989365929645894829184104721852622385225476369149294 -9.800995940704975306847961703881095739017650796930893153447781393205042e-73
10.62576812309107552706203867631421617050745678514203488771846180263362 7.213812980014146425710627297731754816348894352384805425306311531481855 -16.81725966769389417601899509809665809770614211298354161579011601564036
11.58721661917404495997503437143079019784916342311711147752952169483372 6.92321851073773719597230563796416255203936689131393336529723902229401 -16.81725966769389417601899509809665809770614211298354161579011601564036
0.5 5.451139772206997545763001774903715470292382657186316333968149909592709 4.11276841537049633423021582044403202872470427882668538142926439415816e-72
1.5 7.451139772206997545763001774903715470292382657186316333968149909592709 3.477308989626377178846698712278180843465731323515944626700156073197082e-72
2.5 6.451139772206997545763001774903715470292382657186316333968149909592709 4.05478944206557043638708799594411032414395667859910697634183152065888e-72
3.5 6.451139772206997545763001774903715470292382657186316333968149909592709 2.792563921653390011914861303862921903874697935796172343999403298035404e-72
4.5 6.451139772206997545763001774903715470292382657186316333968149909592709 9.869107079098667534780149354544507876344392180605830865171259814249782e-73
5.5 6.451139772206997545763001774903715470292382657186316333968149909592709 -2.705046837318129594268745911211856043909628647238625557697793050863869e-72
6.5 6.451139772206997545763001774903715470292382657186316333968149909592709 -4.278237850115848312029872271336405336478306274927775523019043966844237e-73
8.5 7.445967213751219001978901026742447309062231327999493524477782277928203 -3.807931456525101849394653886014244991735233671244077448765995213607133e-73
9.5 7.425288423158238327389501887623216084622526735325873221594749254583509 -3.751437453526179664602520809193004356673643064702476973772710933508884e-73
9.5 6.425288423158238327389501887623216084622526735325873221594749254583509 -3.837752343885653779761792854446900635066598672125590079270240741635522e-73
10.59852920995184888430519160208291059691768456717718373752219987430244 6.177367445037868236019665501507212736645169462042026921138833435029595 -16.81725966769389417601899509809665809770614211298354161579011601564036
17.45113977220699754576300177490371547029238265718631633396814990959271 0.5 -8.449872267547887990996827192409295365965311069309432419746380874907049e-74
16.45113977220699754576300177490371547029238265718631633396814990959271 0.5 2.82961808997505998600588120215741838370371398966735041306616771145329e-74
15.45113977220699754576300177490371547029238265718631633396814990959271 0.5 -1.448015443923864172871668793186481308553964240571120567085449911324912e-74
14.45113977220699754576300177490371547029238265718631633396814990959271 0.5 1.181531813934906167383947379563943763815051975738552084237443315314955e-73
13.45113977220699754576300177490371547029238265718631633396814990959271 0.5 -1.343248419797758703923855693229343806528399913923392145886172358576717e-73
12.45113977220699754576300177490371547029238265718631633396814990959271 0.5 -2.101870025340488467922707504018104357690455870282290550144030425292306e-79
11.45113977220699754576300177490371547029238265718631633396814990959271 0.5 2.470640312381523354045089168677146488478646029019784497691443539058798e-80
17.45113977220699754576300177490371547029238265718631633396814990959271 2.5 -1.034431468384750522106599872674386240962265375723877152951002771522206e-78
16.45113977220699754576300177490371547029238265718631633396814990959271 1.5 -3.914374851854940672397865712966600838779500882683264513619871721166271e-75
15.45113977220699754576300177490371547029238265718631633396814990959271 1.5 -2.779660922458021069459962969082633764685713840133874559431923502411483e-74
14.45113977220699754576300177490371547029238265718631633396814990959271 1.5 -1.313357912104582359388508336212243069063157262181597618959165973923042e-73
13.45113977220699754576300177490371547029238265718631633396814990959271 1.5 8.284384827569240371537717214792231602025356482848735549403750275947571e-80
12.45113977220699754576300177490371547029238265718631633396814990959271 1.5 -4.343179776169410801683744918286185547114701126463847823797107457818461e-74
11.45113977220699754576300177490371547029238265718631633396814990959271 1.5 -7.19699849976462028573897060219051649070487953286806859607233082702001e-74
17.45113977220699754576300177490371547029238265718631633396814990959271 3.5 2.384134491511783999049416332717474849956575383124637539298410936395062e-74
16.45113977220699754576300177490371547029238265718631633396814990959271 2.5 -1.000171378791185275094380054123897650593234021090616115537230115165724e-78
15.45113977220699754576300177490371547029238265718631633396814990959271 2.5 -8.623108381800175537248909669276724485143056189680488323939355333121442e-80
14.45113977220699754576300177490371547029238265718631633396814990959271 2.5 -4.169554801356727654618306305683800366139627658405387382061551390071234e-74
13.45113977220699754576300177490371547029238265718631633396814990959271 2.5 -1.099045877107501778421480551347726280668494547107223165028058458495582e-74
12.45113977220699754576300177490371547029238265718631633396814990959271 2.5 1.368104873760958472696667991931571595022076586385010931856508285215798e-79
11.45113977220699754576300177490371547029238265718631633396814990959271 2.5 9.990669913112139927630772034684300285091567901424069873278227063432123e-80
17.45113977220699754576300177490371547029238265718631633396814990959271 4.5 9.139013206762004754286002624144552145819784035163094883635724081406155e-79
16.45113977220699754576300177490371547029238265718631633396814990959271 3.5 1.443768026272522945516212653112227164406865163376411017723139797751779e-75
15.45113977220699754576300177490371547029238265718631633396814990959271 3.5 -2.65320130803054898824768926224823302674964060551108440116341296733458e-79
14.45113977220699754576300177490371547029238265718631633396814990959271 3.5 -3.182372268718237398754752116878056735189036002537238940684801541241252e-79
13.45113977220699754576300177490371547029238265718631633396814990959271 3.5 6.521089808990218890250125853672724252699594847229956593663904805799641e-80
12.45113977220699754576300177490371547029238265718631633396814990959271 3.5 1.293751320917909335155340281166536312491849167253649433033474029019784e-79
11.45113977220699754576300177490371547029238265718631633396814990959271 3.5 1.125372003754320265963098628506009460236176732906147796710718918577932e-79
17.45113977220699754576300177490371547029238265718631633396814990959271 5.5 -1.890263561218735126482796126300880413399552996123320258037652202654911e-79
16.45113977220699754576300177490371547029238265718631633396814990959271 4.5 4.333459225808674326858666751574062595562247046139817511461205145056872e-81
15.44772025305820399962467103621314553497088316499634718772060075856805 4.5 -7.539572060867009098121695082497133076982455876565503529659054635105063e-81
14.44542963961478699933748289851262278821443644598400566015283791197776 4.5 -1.830069995606048956729142971211723002718882299765916460656047105424496e-79
13.44248044360642 4.504849849784253 0.03540620179281
12.31025977918623295971594326717642603833221672848583941005058429620415 4.623276275796797272005800828721323922974555891617689366740883713150638 -16.81725966769389417601899509809665809770614211298354161579011601564036
11.35082515351026345892677185695470787471744063672918435612308654968019 4.905310206587705572140839841417448522065550488556224585192102246869435 -16.81725966769389417601899509809665809770614211298354161579011601564036
