305 17.95113977581171
0.500000000002558 0.5000000000040217 8.3233e-11
3.7007788896782 1.55105269266548 28.914324099137062
10.451139775808205 2.5000000000025677 1.01277e-10
10.451139775808443 0.5000000000004317 5.33e-12
9.451139775808862 1.5048857922252816 2.2176e-11
10.451139775809116 1.5000000000013323 2.1305e-11
9.451139775808107 0.5016295490362452 4.142e-12
8.451139775807786 0.500000000000135 3.009e-12
7.451139775807466 0.5000000000001439 2.538e-12
2.500000000000881 5.451139775807423 3.4505e-11
1.5000000000007008 6.45113977580754 3.0935e-11
0.500000000000222 6.451139775807578 1.0424e-11
1.5000000000006057 5.451139775807214 2.9775e-11
0.5000000000002167 4.451139775806727 1.2717e-11
0.5000000000002007 3.4511397758030196 8.998e-12
10.333073050003323 4.244885905640789 27.15780280483479
9.876630284213425 5.1346386811680915 27.15780280483292
3.5000000000011315 5.451139775807885 3.62e-11
1.801655646124515 0.6811587925678317 29.430162598507856
1.2741141489606713 1.531703036516869 29.43016259856387
3.0082847564957493 0.6631430213340419 24.689585005901872
2.5129966335332172 1.5360585621663363 24.6895850059027
1.9820758235864746 2.392592744906109 24.689585005898962
4.191003042350032 0.6794224571921852 28.914324099137268
3.2072185679677485 2.4208401755185056 28.91432409913521
2.6794224571929446 3.2717173186149955 28.91432409913198
2.500000000000801 4.451139775807104 3.1113e-11
5.437479295228217 0.5000000000001084 89.99999999999945
4.863424474128059 1.5302996002855869 28.91432409936784
4.37320032145579 2.401929835759752 28.914324099363963
3.879639999745958 3.2717173186143347 28.914324099332024
3.500000000001026 4.4455124265026 3.1939e-11
6.437479295231032 0.5000000000029345 6.7374e-11
6.025753841968613 1.6695399189820126 26.239718635328654
5.486077592772183 2.51840817278951 26.239718635328565
4.995152694201643 3.3913070575355277 26.239718635328327
4.500000000001243 4.451139775808223 3.2767e-11
4.500000000001395 5.451139775808433 3.2593e-11
7.156980324604747 1.6675499596534733 27.15780280477297
6.702622841528685 2.558372484256984 27.157802804808814
6.163683384388353 3.4058044949559427 27.157802804807222
5.673097770660025 4.278042005149362 27.157802804804856
5.500000000001643 5.451139775807777 3.381e-11
7.823684522072904 2.5639202952612345 27.157802804807933
7.367241756283188 3.453673070788625 27.157802804809652
6.828302299142985 4.301105081487612 27.157802804808227
6.5000000000019025 5.451139775807247 3.0811e-11
8.278042005150239 1.6730977706587424 27.15780280480681
8.487673913928282 3.4604480230443677 27.15780280481691
8.029645480337146 4.353291771707985 27.157802804822747
7.552052053759201 5.399087722047247 6.326499570478209
9.184658727973837 4.292657131552851 27.157802804819724
8.728215962183821 5.182409907080448 27.157802804821188
0.500000000001295 2.4511397758011055 4.8104e-11
1.5000000000005844 3.4511397758065376 2.3153e-11
8.94570335654493 2.567602307467591 27.157802804804795
9.64110149376402 3.4029043560252417 27.15780280483698
12.550971436470672 6.639878811707579 73.18274063969464
13.53884996480507 6.322841977440843 69.22304269536347
14.45113977580247 5.500000000013603 89.99999999983474
11.573349212702109 7.972088279629965 73.18274063963601
12.53278383870472 7.690054350060107 73.18274063963504
13.506416556485323 7.408980397006107 71.63610663953307
14.447451914384843 7.069711169396214 71.6361066395321
11.567826467839371 9.031577660567372 74.64303542813725
12.525369842061536 8.742163506418143 74.64303542813705
13.489628760047093 8.477201703070707 74.64303542813701
14.444522224168086 8.17813880956841 74.64303542813703
15.388138230843685 7.838012920227996 74.64303542813722
12.516264765246355 9.80812798790192 74.6430354281365
11.563001544970067 10.113126855584063 74.64303542813676
13.473808139468515 9.518713833752681 74.64303542813641
14.438514279005773 9.25538043439658 74.64303542813647
15.392960521575066 8.954689136902958 74.64303542813653
16.336576528250667 8.614563247562561 74.64303542813686
10.500000000002345 14.45113977581076 89.99999999997446
12.532618227098858 10.890193981483392 75.34719744784728
13.486447951514858 10.585039530259126 75.34719744784715
14.444366284949643 10.295522398076299 75.34719744784717
15.410283186046215 10.036596636657254 75.3471974478473
16.364086640739846 9.731341714092267 75.34719744784748
13.498189511210434 11.68598453379278 76.99376386246186
14.453919226158778 11.380333301860063 76.99376386246182
15.413288041016067 11.090436919793671 76.99376386246189
16.380540882290383 10.834673058309356 76.9937638624624
3.50000000000085 12.451139775810343 89.99999999998596
12.585321597077469 13.212275321119527 75.31464536598014
13.53923162432812 12.907547550920949 75.31464536597974
14.46153410647506 12.482213395608582 75.31464536597979
15.415334621077136 12.17706775288541 75.31464536597991
7.50000000000159 9.451139775808668 2.73e-12
12.610250709046307 14.340889066767097 75.34207388542416
13.552828933762695 13.992736827825937 75.34207388542364
14.506763590392792 13.688002602958964 75.34207388542355
15.429148438367921 13.26264686187745 75.34207388542357
16.38297378239246 12.957494712059871 75.34207388542363
17.340889066767843 12.667979259495858 75.34207388542386
13.567674403595682 15.119136715583615 74.11235897745595
14.508445035766206 14.771498961404944 74.11235897745557
15.461498445599771 14.467015560790312 74.11235897745557
16.380428524446693 14.042643130952964 74.11235897745588
17.33336370502999 13.737744343281129 74.11235897745631
14.505375257801678 15.88015325665238 70.45310520942706
15.452132064880361 15.533402436743733 71.40163316923878
16.40501435010524 15.229640131828896 71.40163316924279
17.31778487825914 14.806676913028237 71.40163316925167
15.409937802470711 16.61862904452808 69.64451382498935
16.36712358087463 16.309765279434416 70.19667480586475
17.311288955554595 15.978304022460716 70.21756018513535
16.451139775811342 17.451139775811598 89.99999999999903
17.451139775811583 17.321818940815803 89.99999999999959
11.500000000005155 17.451139775811605 89.99999999999999
12.50000000000642 17.45113977581157 89.99999999999615
13.500000000007418 17.451139775811342 89.99999999999027
14.500000000008415 17.45113977581071 89.99999999996055
11.500000000002961 16.451139775811214 89.99999999997856
12.500000000003308 16.451139775811235 89.99999999998198
13.500000000003652 16.45113977581063 89.99999999998259
11.500000000002618 15.451139775810978 89.9999999999755
12.500000000002828 15.451139775810967 89.99999999997524
11.500000000002554 14.451139775810752 89.99999999997355
1.5000000000005382 4.451139775806862 2.5345e-11
12.570434557872762 12.112747628617488 76.9937638624621
17.340889066767915 11.634338205641534 75.34207388543629
17.3923978749269 10.5587419008869 82.7976290722058
17.45113977581159 9.500000000001993 89.99999999999821
4.500000000000928 11.451139775809983 89.99999999999926
16.45113977581135 7.50000000000163 89.99999999999355
17.45113977581159 8.500000000001787 89.9999999999983
15.451139775810915 6.500000000002067 89.9999999999841
16.451139775811228 6.50000000000142 89.99999999999345
17.451139775811598 7.500000000001576 89.99999999999862
11.555761597787214 5.8880472746790735 73.18274063969106
12.515196223790076 5.606013345109268 73.18274063969334
6.500000000022244 7.451139775807824 1.4665e-11
15.451139775804513 5.500000000001728 89.9999999999754
16.45113977580644 5.5000000000012115 89.99999999999349
17.451139775811576 6.500000000001365 89.99999999999888
0.5000000000001208 17.451139775811455 89.99999999999893
1.5000000000003553 17.451139775811548 89.99999999999785
2.500000000000674 16.45113977581127 89.99999999998889
3.5000000000008367 17.45113977581157 89.99999999999623
4.5000000000010845 17.45113977581157 89.99999999999561
5.500000000001339 17.451139775811555 89.99999999999494
6.500000000001605 17.451139775811534 89.999999999994
7.500000000001882 17.451139775811505 89.99999999999292
8.500000000002176 17.451139775811505 89.99999999999166
9.500000000002494 17.451139775811498 89.99999999999028
10.500000000002881 17.451139775811505 89.99999999998843
0.5000000000001865 16.45113977581093 89.99999999999119
1.5000000000004352 16.45113977581115 89.99999999998884
2.50000000000062 15.451139775811031 89.99999999998886
3.5000000000009193 16.451139775811278 89.99999999998852
4.500000000001174 16.451139775811306 89.99999999998936
5.500000000001435 16.451139775811242 89.99999999998647
6.500000000001689 16.45113977581117 89.99999999998413
7.50000000000195 16.451139775811008 89.99999999998045
8.500000000002197 16.451139775811072 89.9999999999791
9.500000000002442 16.4511397758111 89.99999999997858
10.500000000002693 16.451139775811214 89.9999999999787
0.5000000000001439 15.451139775810523 89.99999999999554
1.5000000000003961 15.451139775810821 89.99999999999054
2.5000000000005933 17.45113977581157 89.9999999999969
3.500000000000834 15.45113977581105 89.99999999998835
4.500000000001046 15.451139775811074 89.99999999998845
5.500000000001256 15.451139775810859 89.99999999998843
6.500000000001471 15.45113977581074 89.99999999998772
7.500000000001741 15.451139775810509 89.99999999998067
2.5000000000005187 11.451139775809976 89.99999999999885
9.500000000002194 15.451139775810772 89.9999999999764
10.500000000002407 15.451139775810981 89.99999999997586
0.5000000000001386 14.451139775810173 89.99999999999584
2.500000000000627 13.45113977581055 89.9999999999873
11.500000000002606 13.451139775810539 89.99999999997301
3.500000000000849 13.451139775810574 89.99999999998549
4.500000000001056 14.451139775810798 89.99999999998319
6.5000000000014895 14.4511397758103 89.99999999997982
7.500000000001706 14.45113977581017 89.99999999997826
8.500000000001924 14.45113977581039 89.99999999997645
5.500000000001272 14.451139775810553 89.9999999999816
9.500000000002135 14.451139775810447 89.99999999997527
10.500000000002393 13.451139775810546 89.99999999997387
2.500000000000619 14.451139775810784 89.99999999998695
1.500000000000405 14.451139775810496 89.99999999998842
1.500000000000405 13.451139775810184 89.99999999998909
3.5000000000008358 14.451139775810802 89.9999999999853
4.500000000001076 13.451139775810567 89.99999999998306
5.500000000001295 13.451139775810312 89.99999999998155
6.5000000000015214 13.451139775810002 89.9999999999793
7.5000000000037135 6.451139775804398 89.99999999999784
8.500000000001965 13.451139775810063 89.99999999997576
9.500000000002181 13.451139775810116 89.99999999997468
11.610218764419193 11.315556803835497 75.34719744784783
0.5000000000001101 12.451139775809546 89.99999999999918
7.500000000001745 13.451139775809906 89.99999999997735
0.5000000000001332 13.451139775809853 89.9999999999967
2.500000000000627 12.451139775810317 89.99999999998761
7.500000000001747 12.451139775809644 89.99999999997755
8.500000000001966 12.451139775809732 89.99999999997564
4.500000000001084 12.451139775810338 89.99999999998309
6.500000000001525 12.451139775809594 89.99999999997982
9.50000000000218 12.451139775809779 89.99999999997439
10.50000000000239 12.451139775810335 89.99999999997343
11.563109197098331 12.388030578714533 82.216415625395
0.5000000000001084 11.45113977580926 89.9999999999992
1.5000000000003144 11.451139775809487 89.99999999999885
8.500000000001977 15.451139775810727 89.9999999999774
16.373232560659545 11.88755684590434 75.31464536598035
17.45113977581157 1.5000000000003153 89.99999999999983
6.500000000001411 11.451139775809226 89.99999999999153
5.500000000001137 11.451139775809601 89.99999999999947
8.500000000001954 11.4511397758094 89.99999999997608
5.500000000001311 12.45113977581001 89.99999999998093
9.500000000002034 9.451139775808526 89.99999999999872
10.500000000002382 11.451139775810125 89.99999999997331
0.5000000000001048 10.451139775808985 89.99999999999987
1.5000000000004041 12.451139775809866 89.99999999998913
2.500000000000518 10.451139775809617 5.4e-14
3.500000000000722 11.451139775809951 89.99999999999895
4.500000000000928 10.45113977580976 4.63e-13
5.500000000001133 10.451139775809335 4.89e-13
6.500000000001377 9.451139775808556 3.452e-12
7.500000000001723 11.451139775809375 89.99999999997918
8.500000000001947 10.451139775809061 89.99999999997745
9.50000000000217 11.451139775809429 89.99999999997445
10.500000000002387 10.451139775809915 89.99999999997341
0.5000000000001155 9.451139775808617 1.39e-12
1.5000000000003109 10.451139775809134 89.99999999999973
2.5000000000005436 9.451139775809185 3.155e-12
3.500000000000724 10.451139775809699 3.17e-13
4.500000000000958 9.451139775809514 4.078e-12
5.500000000001165 9.451139775809052 4.091e-12
6.500000000001391 10.45113977580895 89.9999999999945
7.500000000001704 10.4511397758091 89.99999999998191
8.500000000001812 9.451139775806595 8.67e-13
9.500000000002169 10.451139775809057 89.99999999997523
10.614563247562955 9.336576528249081 74.64303542813836
0.5000000000001634 8.451139775808235 6.65e-12
1.5000000000003322 9.451139775808722 2.558e-12
3.5000000000008837 8.45113977580892 1.7109e-11
3.5000000000007523 9.451139775809326 3.703e-12
5.500000000001309 8.451139775808691 1.7343e-11
6.500000000001528 8.451139775808116 1.6748e-11
1.5000000000004476 8.45113977580828 1.5308e-11
4.500000000001096 8.45113977580919 1.7395e-11
8.500000000002052 8.451139775805572 6.009e-12
9.500000000002332 8.45113977580825 89.99999999999885
10.616116824421114 8.261408439360192 73.1827406396376
0.5000000000001865 7.45113977580792 8.424e-12
2.500000000000669 8.451139775808564 1.6596e-11
2.500000000000883 7.4511397758081275 3.3608e-11
3.5000000000011413 7.451139775808513 3.4404e-11
4.500000000001419 7.45113977580886 3.1373e-11
5.50000000000173 7.451139775808292 3.5474e-11
7.500000000027674 7.451139775805561 89.99999999992528
7.500000000001742 8.451139775808322 1.6349e-11
8.500000000004563 6.442794750562067 89.99999999994546
10.62576811968545 7.2138129687464385 73.18274063963615
11.58721661732715 6.923218504627179 73.1827406396467
0.5000000000002167 5.451139775807197 1.1949e-11
1.500000000000603 7.4511397758078655 2.922e-11
2.5000000000010862 6.451139775807778 3.9615e-11
3.5000000000014415 6.451139775808198 4.0007e-11
4.500000000001869 6.451139775808645 3.2068e-11
5.50000000000248 6.451139775808036 3.4949e-11
6.500000000003065 6.451139775807533 2.2926e-11
8.500000000030928 7.445967213751219 89.99999999988323
9.500000000033799 7.425288406341328 89.99999999983011
9.50000000000556 6.425288406340046 89.99999999987276
10.598529209505546 6.177367434409605 73.18274063962622
17.451139775811548 0.5000000000001066 89.99999999999993
16.451139775811157 0.5000000000001279 89.9999999999974
15.45113977581083 0.5000000000001386 89.99999999999663
14.451139775810447 0.5000000000001599 89.99999999999653
13.451139775809654 0.5000000000001208 1.106e-12
12.451139775809198 0.5000000000001226 1.722e-12
11.451139775808798 0.5000000000001652 6.2e-12
17.45113977581157 2.500000000000524 89.99999999999972
16.45113977581105 1.5000000000003624 89.99999999999454
15.45113977581064 1.5000000000004121 89.99999999999173
14.451139775810294 1.5000000000005338 2.27e-13
13.451139775810024 1.5000000000003721 2.116e-12
12.45113977580976 1.5000000000003535 3.364e-12
11.451139775809418 1.5000000000004627 1.4435e-11
17.45113977581157 3.5000000000007345 89.9999999999996
16.451139775811193 2.5000000000005773 89.99999999999406
15.45113977581084 2.5000000000007034 89.99999999998454
14.451139775810542 2.5000000000010463 89.99999999998391
13.451139775810244 2.5000000000014406 89.99999999998467
12.45113977580978 2.500000000000572 3.412e-12
11.451139775809322 2.500000000000699 1.5512e-11
17.45113977581154 4.500000000000944 89.99999999999942
16.451139775811157 3.5000000000007914 89.9999999999936
15.451139775810752 3.500000000001026 89.99999999997588
14.45113977581049 3.500000000001555 89.99999999997706
13.451139775810141 3.500000000010613 89.99999999998937
12.45113977580978 3.500000000000788 3.012e-12
11.45113977580943 3.500000000000929 1.5763e-11
17.45113977581152 5.500000000001155 89.99999999999913
16.451139775806134 4.500000000001002 89.99999999999348
15.447720253058204 4.500000000001424 89.9999999999708
14.445429639614787 4.500000000010204 89.99999999966556
13.44248044360642 4.504849849784253 0.03540620179281
12.310259774040532 4.623276274006173 73.18274063969498
11.350825148037853 4.905310203575878 73.18274063969378
