308 17.99826987953011
1.5798734119977453 16.347672448660973 20.16068610460638
0.6416919474236078 14.9362556405131 20.160686104577575
1.5819878031651253 15.276644171534818 20.160686104582908
2.532736154089414 15.588563387505735 20.16068610459109
0.6327490788386587 13.863683058140019 18.488184619937496
1.575243800673661 14.19842057329203 18.488184619937766
2.5235103151618965 14.515896189462042 18.48818461993773
3.4705154376681184 14.83714429405609 18.48818461993768
4.377911794601463 15.27685169738079 18.488184619937353
0.6313696182824042 11.744481799266673 18.238868017490592
1.5811987517866957 13.126494238084781 18.521461348697045
2.5236833971474013 13.46122837749816 18.52146134869513
3.472065132991851 13.778359885850909 18.521461348690153
4.420228198563 14.096144118145322 18.52146134868519
0.6321215382518925 10.685844095178462 18.3744978735593
1.5799654995302195 11.004600520872897 18.374497873560408
2.526142490247495 11.328375501777046 18.374497873560486
3.474411589688983 11.64585201324056 18.37449787356034
4.416956811528468 13.037221948624676 18.238868017484094
5.366900261244872 13.349644396727413 18.238868017477976
0.6321215382518837 9.632121538254033 18.37449787355752
1.5812508475690201 9.94743309037877 18.389843781907107
2.529093897568715 10.266189213110671 18.389843781910425
3.4752686329741422 10.589963444216346 18.38984378191064
4.4235371639143946 10.907439766676651 18.38984378191053
5.366063487895078 11.242188021497466 18.38984378190904
1.566563989203095 8.885589913656986 18.69483801607281
2.51429759055008 9.204656367155081 18.694838059941052
3.4630885649277507 9.523443821348524 18.589958386013286
4.409375697322816 9.84721463585502 18.575074580017795
5.3605413072721575 10.165392992567284 18.479220408348116
2.5237186964434137 8.151460219833215 18.47922040835041
3.471354337244102 8.470823823053689 18.47922040835038
4.419380582312075 8.789018624633187 18.479220408350177
5.365570191889313 9.112709174096791 18.4792204083497
1.6326996876379525 7.662683177167499 18.479220408350155
3.4683098676752087 7.4134222736552005 18.699148031426994
4.4169250785373055 7.732798259671945 18.591853273424906
5.364950730577792 8.050992861769462 18.59185327342152
4.396607936490522 6.670904400173439 18.59185327342578
5.344633588531121 6.98909900227083 18.59185327341577
2.5711206687152863 16.7367549521415 28.146092291209815
3.453651455646816 16.014638441322013 21.69219301351271
2.5637397760931524 6.925732898648217 20.932672261482402
3.4822078334889044 6.206399209890085 20.93267226147357
0.632932292180703 12.809018633757692 18.521461348690927
3.4684269805917394 12.72050976450722 18.238868017490212
2.5258465876647005 12.38574354852191 18.238868017490987
5.366900261244722 12.296746770270168 18.238868017488315
1.5775695034545816 12.068264384826156 18.238868017490912
4.416943108227092 11.980601995038072 18.374497873558788
8.524700932399039 0.5247009323973959 87.09458710371277
16.348818576965343 1.579783122661051 69.83404356822673
14.937045958574398 0.6417192675992478 69.8340435682317
15.277620968486112 1.5819470880264186 69.8340435682314
15.588692246195869 2.533010269211224 69.834043568231
13.86420979298352 0.6326622920212781 71.52756480639809
14.199031957042944 1.5751341627824722 71.52756480639799
14.515880341430991 2.5236103624369974 71.52756480639798
14.83747298636311 3.4705016922876695 71.52756480639798
15.276357598683187 4.378210414939445 71.52756480639803
11.740968867694436 0.6318447231498254 71.67550781129258
13.12673543267352 1.5811383966773915 71.52756480639911
13.461557596732941 2.52361026743859 71.52756480639914
13.778405981120972 3.472086467093125 71.52756480639938
14.096373950017757 4.420188657844839 71.52756480639974
10.679330247347092 0.6223050849629193 73.34891491750584
11.004024178679128 1.5852904049980268 71.45514161309342
11.332529120130742 2.5298570672413003 71.45514161309325
11.649378038857789 3.4783339302740552 71.45514161309302
13.038027544805132 4.4159386916554695 71.67550781129289
13.348816757077035 5.366425156377871 71.67550781129792
9.635562424967198 0.6223050849629139 73.34891491750638
9.922397440622431 1.5914173255723547 72.11333285034509
10.261119077565906 2.5328891922782386 72.11333285034358
10.58968530917757 3.4776385560083956 72.11333285034347
10.906550597249636 4.4261642148621165 72.1133328503435
11.24145094173825 5.3688693434852155 72.11333285034354
8.866602317721272 1.5831259125064427 72.11006284308313
9.175857010456573 2.5341076392073454 72.11006284308253
9.514578065999627 3.4755777047811085 72.11006284308202
9.843143903298474 4.420325846961786 72.11006284308195
10.16000901261802 5.368850952054586 72.11006284308232
8.114857481813607 2.535136890443603 72.72575255322705
8.426524997758492 3.4854531797989345 72.72575255322703
8.765373168486121 4.427317038012566 72.72575255322703
9.094030894016605 5.372349842560294 72.72575255322708
7.703235537619175 1.6159036610380904 72.72575255322712
7.347131674530596 3.47078022809095 69.74329820572397
7.67667416778966 4.415088453377646 69.74329820572441
8.015200801213307 5.356081060436988 69.74329820572478
6.610747504085648 4.415088453377602 69.74329820572262
6.949274137509379 5.356081060436935 69.74329820572511
14.468228144478424 5.468228144476611 86.44493376870273
16.736545914546014 2.5712124965603556 61.88819826876603
16.014303961076003 3.4538770177566125 68.33060613952328
6.954887903498463 2.549612058018708 69.74329820572365
6.226127232290079 3.4461517872652134 64.68030677881683
5.591639310121854 4.541949770210479 69.74329820572738
5.927831432432864 5.483803934130663 69.74329820572851
12.809886763910571 0.632662292021271 71.52756480639938
12.721178104168118 3.467459330150991 71.6755078112924
12.386339380092389 2.5249378874742963 71.67550781129239
12.297407456936476 5.372488919335008 71.67550781129906
12.069489654835131 1.5764586202339572 71.67550781129243
11.98419277604373 4.420783869785669 71.45514161309326
7.498269879526605 7.498269879527863 7.742e-12
6.477952737479619 6.49826987952762 4.842e-12
6.498269879526318 7.498269879527832 4.673e-12
6.498269879527184 8.498269879528042 4.528e-12
16.002351280117992 0.6417192675992602 69.83404356822936
7.477952737479893 6.498269879527651 8.073e-12
5.468718130891104 14.468718130894008 3.495118577331274
4.542346132502191 4.624401896738819 72.98900951282639
0.500000000000151 17.404255250568944 8.72e-13
1.5000000000004468 17.49826987952997 1.742e-12
17.34175179665589 0.5000000000001084 89.9999999999999
17.49826987953 1.5000000000003206 89.99999999999979
0.5000000001669527 8.500000000002036 2.428e-12
0.5000000000001172 7.500000000001794 1.499e-12
0.5000000000001332 6.500000000001549 89.99999999999984
1.5000000000004343 6.5000000000068034 89.99999999999626
0.5000000000001155 5.500000000001309 89.99999999999929
1.5000000000004308 5.500000000006374 89.99999999999044
2.5000000000006803 5.504193509500826 89.99999999998863
0.5000000000001137 4.50000000000107 89.99999999999916
1.5000000000003348 4.500000000005676 89.99999999999851
2.500000000000548 4.500000000005726 89.99999999999869
0.5000000000001421 3.5000000000008322 89.99999999999869
1.5000000000009317 3.500000000004569 89.99999999994185
2.500000000001548 3.5000000000043006 89.99999999990386
3.503003469300772 3.6130594534041007 0.003910553253772
4.505512001535728 3.5000000000012292 89.99999999997904
0.5000000000001208 2.500000000000595 89.99999999999879
1.5000000000004219 2.5000000000033644 89.99999999999058
2.500000000000658 2.50000000000281 89.99999999998956
3.500000000000913 2.505737485599722 89.9999999999901
4.500000000001152 2.5000000000008464 89.99999999999119
5.500000000001374 2.500000000000629 89.99999999999113
0.5000000000001066 1.5000000000003562 89.99999999999953
1.5000000000003482 1.5000000000019664 89.99999999999581
2.5000000000005613 1.5000000000016813 89.99999999999517
3.500000000000817 1.503606591534962 89.999999999998
4.500000000001073 1.5000000000004503 89.99999999999861
5.500000000001317 1.500000000000341 89.99999999999993
6.500000000001551 1.5000000000003206 89.99999999999997
0.5000000000001066 0.500000000000119 89.9999999999997
1.5000000000003144 0.5000000000004121 89.99999999999942
2.5000000000005196 0.5000000000004015 89.99999999999946
3.5000000000007256 0.5011673238518597 89.9999999999995
4.50000000000093 0.500000000000151 89.9999999999996
5.500000000001134 0.5000000000001137 89.99999999999969
6.500000000001339 0.5000000000001066 89.99999999999976
7.500000000001544 0.5000000000001048 89.99999999999974
3.498269879525818 17.498269879529943 2.501e-12
4.4982698795260925 17.4982698795299 1.118e-12
5.498269879526379 17.498269879529992 89.99999999999993
6.498269879526685 17.49826987953 8.9e-14
7.498269879527031 17.498269879530007 89.9999999999998
8.49826987952753 17.498269879530007 1.36e-13
9.498269879527838 17.498269879530007 89.9999999999998
10.498269879528156 17.498269879530007 1.93e-13
11.498269879528413 17.498269879529907 89.99999999999861
13.498269879528888 17.49826987952998 89.99999999999685
14.498269879529133 17.49826987952998 89.99999999999648
15.498269879529383 17.49826987952997 89.99999999999623
16.498269879529648 17.49826987952997 89.99999999999605
17.498269879529957 17.49826987953 89.9999999999995
4.49826987952647 16.498269879529477 89.99999999999841
5.49826987952674 16.49826987952976 89.99999999999979
6.498269879527018 16.49826987952977 9.78e-13
7.498269879527253 16.498269879529794 89.99999999999987
8.498269879527516 16.4982698795298 3.45e-13
9.49826987952787 16.498269879529797 89.99999999999956
10.49826987952815 16.4982698795298 4.71e-13
11.498269879528408 16.498269879529516 9.97e-13
13.498269879528966 16.498269879529722 89.9999999999906
14.498269879529204 16.49826987952972 89.9999999999904
15.498269879529445 16.49826987952972 89.99999999999054
16.49826987952969 16.49826987952973 89.99999999999208
17.498269879529985 16.49826987952979 89.99999999999906
5.498269879526889 15.49826987952945 1.1259e-11
6.49826987952719 15.498269879529554 1.554e-12
7.4982698795274185 15.498269879529584 2.09e-13
8.49826987952764 15.498269879529595 8.46e-13
9.498269879527871 15.498269879529593 89.99999999999936
10.498269879528142 15.498269879529598 6.55e-13
11.498269879528396 15.498269879529232 1.023e-12
13.498269879528966 15.498269879529506 89.9999999999888
14.498269879529204 15.4982698795295 89.99999999998869
15.498269879529444 15.498269879529506 89.99999999998913
16.49826987952969 15.498269879529513 89.99999999999108
17.498269879529985 15.498269879529582 89.99999999999868
6.498269879526616 14.498269879529317 3.754e-12
7.4982698795268945 14.498269879529362 1.675e-12
8.498269879527186 14.498269879529385 1.245e-12
9.49826987952753 14.498269879529387 89.99999999999923
10.498269879528118 14.498269879529394 8.53e-13
11.498269879528404 14.498269879528973 1.576e-12
13.498269879528976 14.498269879529294 89.9999999999879
14.498269879529209 14.498269879529289 89.9999999999877
15.498269879529445 14.498269879529296 89.99999999998835
16.498269879529687 14.4982698795293 89.99999999999038
17.498269879529985 14.498269879529373 89.99999999999837
6.498269879527281 13.4982698795291 3.99e-12
7.498269879527509 13.498269879529147 2.258e-12
8.498269879527726 13.498269879529175 1.996e-12
9.498269879527951 13.498269879529168 3.98e-13
10.498269879528184 13.498269879529186 1.422e-12
11.498269879528433 13.498269879528724 89.99999999999997
13.498269879528987 13.498269879529087 89.99999999998721
14.498269879529216 13.49826987952908 89.99999999998704
15.498269879529449 13.49826987952909 89.99999999998785
16.498269879529687 13.498269879529087 89.99999999998981
17.49826987952998 13.498269879529165 89.99999999999811
6.498269879527252 11.498269879528673 3.768e-12
7.498269879527477 11.498269879528712 4.984e-12
8.498269879527712 11.498269879528726 6.986e-12
9.498269879527935 11.4982698795287 7.122e-12
10.49826987952816 11.498269879528737 6.734e-12
11.49826987952842 11.498269879528246 1.933e-12
13.498269879528998 11.49826987952867 89.99999999998593
14.49826987952922 11.49826987952866 89.99999999998582
15.49826987952945 11.498269879528678 89.999999999987
16.498269879529683 11.498269879528664 89.999999999989
17.49826987952998 11.498269879528747 89.99999999999771
7.498269879527429 10.498269879528493 6.402e-12
8.498269879527662 10.498269879528518 7.571e-12
9.498269879527891 10.498269879528484 8.176e-12
10.49826987952812 10.498269879528523 7.991e-12
11.498269879528381 10.498269879528008 3.734e-12
13.498269879528987 10.49826987952846 89.99999999998512
14.49826987952921 10.498269879528449 89.99999999998504
15.498269879529445 10.498269879528472 89.99999999998668
16.49826987952968 10.498269879528452 89.99999999998865
17.49826987952998 10.498269879528538 89.99999999999751
7.498269879527321 9.49826987952828 7.155e-12
8.49826987952758 9.498269879528314 7.931e-12
9.498269879527825 9.498269879528271 8.941e-12
10.498269879528063 9.498269879528314 8.833e-12
11.498269879528314 9.498269879527768 6.221e-12
13.498269879528959 9.498269879528248 89.99999999998404
14.49826987952919 9.498269879528236 89.99999999998403
15.498269879529435 9.498269879528266 89.99999999998643
16.498269879529676 9.498269879528243 89.99999999998833
17.49826987952998 9.498269879528328 89.99999999999734
7.4982698795274185 8.498269879528074 7.349e-12
8.49826987952764 8.49826987952811 8.127e-12
9.498269879527863 8.498269879528063 9.364e-12
10.498269879528083 8.498269879528106 9.445e-12
11.498269879528308 8.49826987952753 8.384e-12
13.498269879528966 8.498269879528035 89.99999999998279
14.498269879529191 8.49826987952802 89.99999999998278
15.49826987952944 8.498269879528063 89.99999999998622
16.498269879529676 8.498269879528031 89.99999999998806
17.49826987952998 8.498269879528117 89.99999999999724
8.498269879526884 7.498269879527905 8.315e-12
9.498269879527177 7.49826987952785 1.0016e-11
10.498269879527474 7.498269879527898 1.0032e-11
11.498269879527795 7.498269879527083 6.794e-12
13.498269879528728 7.498269879527788 89.9999999999778
14.498269879529024 7.498269879527779 89.99999999997827
15.498269879529355 7.498269879527857 89.99999999998604
16.49826987952963 7.498269879527822 89.99999999998782
17.498269879529964 7.498269879527909 89.99999999999712
11.477952737480951 6.498269879526683 6.772e-12
13.49826987952883 6.498269879527573 89.99999999997628
14.498269879529076 6.498269879527554 89.99999999997593
15.498269879529397 6.498269879527654 89.99999999998595
16.498269879529648 6.498269879527611 89.99999999998758
17.49826987952997 6.498269879527698 89.99999999999703
15.498269879529476 5.4982698795274505 89.99999999998583
16.49826987952969 5.498269879527401 89.99999999998735
17.49826987952998 5.498269879527488 89.99999999999696
16.498269879529673 4.49826987952719 89.99999999998718
17.49826987952998 4.498269879527277 89.99999999999693
17.49826987952998 3.498269879527067 89.99999999999693
0.6416919474236771 16.001524979965822 20.160686104591147
6.498269879527189 10.498269879528463 3.982e-12
6.495092683695201 9.498269879528252 4.25e-12
10.477952737480672 6.498269879527688 1.0629e-11
9.477952737480416 6.498269879527636 1.057e-11
8.47795273748015 6.4982698795277 8.427e-12
3.50000000000084 5.0607634312040854 89.99999999999088
12.498269879528749 13.498269879528873 89.99999999998896
12.498269879528728 8.498269879527506 89.99999999998502
12.498269879528717 9.498269879527777 89.99999999998633
12.498269879528745 10.498269879528053 89.99999999998732
12.49826987952876 11.498269879528337 89.99999999998782
12.498269879528578 6.498269879526978 89.99999999997759
12.49826987952833 7.498269879527227 89.9999999999816
12.498269879528735 14.498269879529133 89.99999999998944
12.498269879528724 15.498269879529396 89.99999999998984
12.49826987952872 16.498269879529662 89.99999999999146
12.49826987952865 17.498269879529964 89.99999999999743
6.4934245376131345 12.498269879528884 3.874e-12
17.498269879529985 12.498269879528955 89.9999999999979
16.498269879529687 12.498269879528877 89.99999999998938
15.498269879529452 12.498269879528884 89.99999999998738
14.498269879529223 12.49826987952887 89.99999999998644
12.498269879528763 12.498269879528607 89.99999999998842
11.49826987952844 12.498269879528486 4.91e-13
10.4982698795282 12.498269879528973 2.562e-12
9.498269879527912 12.498269879528916 5.8e-12
7.495291214014602 12.498269879528937 2.488e-12
8.49826987952763 12.498269879528934 6.509e-12
13.498269879529001 12.498269879528877 89.9999999999866
4.875179472230851 5.568327821377954 72.9890095128239
