132 11.98568019884580881140237516211288158973598293332187876590314891268842
0.5003983242246477 11.48516552763269 -0.00151908574024
11.48568019884580881140237516211288158973598293332187876590314891268842 0.5 1.589754284613277854435113041415269988259554340335460060954020325760869e-80
0.5003554928285148 5.502370489425717 -0.01113053486539
0.5 4.501571624853803000000002009348632455509720864259619083198959669017402 -6.064003284202475150556457673296451377556525090428784947940119059211891e-70
1.5 4.5 -5.952207699461036133991013281270244406217579371515828806895275659026695e-70
0.5 3.500726753980700799999999964299310873318050267038885149678200169365582 -5.977755184877737464979149941485391350093156841397857130464348478918003e-70
1.5 3.5 -5.981857906187660400351480526939679485600009857739381044392047923836379e-70
0.5 2.5 1.152467882326576954323738476452474938469322172548025171880695828314166e-80
1.5 2.5 2.183575351353271933067361712079256858032092295911179622495965684116472e-69
0.5 1.5 1.453621635633016199036653454306385504303157807855633240961820178990849e-70
1.5 1.5 2.183792483411780141205735720425678063043430477168421131317280944598694e-69
2.5 1.5 -3.836400690254977252135700474170019511326355787537675486704808911047012e-72
0.5 0.5 1.34993783739647886010197402649410832879598889594751339988452802947625e-70
1.5 0.5 2.17952181860450874767685198984665082500666844770172646818986012607695e-69
2.5 0.5 2.172693553337067369313211116676833701627182640266890708072579109183673e-69
3.503177232048362000000000102389527921071304239479163780293839861571356 0.5 1.237628233074263640437425110762150722352218451326916768930418756620579e-80
2.485680198845808811402375162112881589735982933321878765903148912688416 11.48568019884580881140237516211288158973598293332187876590314891268842 7.520977480637333573999768963059548279372229605251909090227091183249882e-79
3.485680198845808811402375162112881589735982933321878765903148912688416 11.48568019884580881140237516211288158973598293332187876590314891268842 9.937071276391757544287641654575252091866417085137221591482101573246517e-79
4.485680198845808811402375162112881589735982933321878765903148912688416 11.48568019884580881140237516211288158973598293332187876590314891268842 -4.683275864321320416546305501605965088372602486076385165359928548645924e-71
5.485680198845808811402375162112881589735982933321878765903148912688416 11.48568019884580881140237516211288158973598293332187876590314891268842 -4.728153832457683713943425564831461480012452086072453035775519924854346e-71
6.485680198845808811402375162112881589735982933321878765903148912688416 11.48568019884580881140237516211288158973598293332187876590314891268842 7.509652267275282628083335034388446812530723051230852017594398362418748e-70
7.485680198845808811402375162112881589735982933321878765903148912688416 11.48568019884580881140237516211288158973598293332187876590314891268842 7.553589731414367950855138552812197766602543713849606265858379131481506e-70
8.485680198845808811402375162112881589735982933321878765903148912688416 11.48568019884580881140237516211288158973598293332187876590314891268842 7.428991884409048169313372214952317016397171627566273778647506298548625e-70
9.485680198845808811402375162112881589735982933321878765903148912688416 11.48568019884580881140237516211288158973598293332187876590314891268842 7.535228272050793382856058365825416005461322260541815466688630592871332e-70
10.48568019884580881140237516211288158973598293332187876590314891268842 11.48568019884580881140237516211288158973598293332187876590314891268842 5.485099341886340158146842411319436218271752647365994365253171964093602e-79
11.48568019884580881140237516211288158973598293332187876590314891268842 11.48568019884580881140237516211288158973598293332187876590314891268842 9.218708191297664722322028080033421630581856610891092362911959766323449e-79
3.485680198845808811402375162112881589735982933321878765903148912688416 10.48568019884580881140237516211288158973598293332187876590314891268842 2.298831271373458637688539899807599273805762402326542596475745248038229e-79
4.485680198845808811402375162112881589735982933321878765903148912688416 10.48568019884580881140237516211288158973598293332187876590314891268842 2.623338554411882883107137673332914495243156643517352657064108466539317e-79
5.485680198845808811402375162112881589735982933321878765903148912688416 10.48568019884580881140237516211288158973598293332187876590314891268842 1.158273894325617465824575476941253299434732564829946525042419258242114e-70
6.485680198845808811402375162112881589735982933321878765903148912688416 10.48568019884580881140237516211288158973598293332187876590314891268842 1.139091890743984399745035258406043850205796467182458854491989873030271e-70
7.485680198845808811402375162112881589735982933321878765903148912688416 10.48568019884580881140237516211288158973598293332187876590314891268842 7.923450903890625101028644741266617799876906176967915835826802257767781e-70
8.485680198845808811402375162112881589735982933321878765903148912688416 10.48568019884580881140237516211288158973598293332187876590314891268842 7.767703595133975374101435209499989841789122850759113815328332542982201e-70
9.485680198845808811402375162112881589735982933321878765903148912688416 10.48568019884580881140237516211288158973598293332187876590314891268842 7.767703595133975374101435209499989841789122850759113815328332542982201e-70
10.48568019884580881140237516211288158973598293332187876590314891268842 10.48568019884580881140237516211288158973598293332187876590314891268842 7.5863802816018148924015050286993543913225206791637423648770950537765e-70
11.48568019884580881140237516211288158973598293332187876590314891268842 10.48568019884580881140237516211288158973598293332187876590314891268842 8.585369111263816323639042029006757397216445863873485978990405226387409e-79
4.485680198845808811402375162112881589735982933321878765903148912688416 9.485680198845808811402375162112881589735982933321878765903148912688416 1.333203206663900258831327373165460067192876279825751431404489923065509e-70
5.485680198845808811402375162112881589735982933321878765903148912688416 9.485680198845808811402375162112881589735982933321878765903148912688416 1.326809205470022570138145869705477343822281386516912064345565751444247e-70
6.485680198845808811402375162112881589735982933321878765903148912688416 9.485680198845808811402375162112881589735982933321878765903148912688416 1.289265742524814936059525464183486133452123835561633594625387827622229e-70
7.485680198845808811402375162112881589735982933321878765903148912688416 9.485680198845808811402375162112881589735982933321878765903148912688416 -9.860941181116369107668687492287173806347539671573793820505774437635861e-70
8.485680198845808811402375162112881589735982933321878765903148912688416 9.485680198845808811402375162112881589735982933321878765903148912688416 -9.336973788319579226728898272930089272485096044344621618739757984245258e-70
9.485680198845808811402375162112881589735982933321878765903148912688416 9.485680198845808811402375162112881589735982933321878765903148912688416 1.465994008435847828508865734409762623802408535561805187340514560972367e-69
10.48568019884580881140237516211288158973598293332187876590314891268842 9.485680198845808811402375162112881589735982933321878765903148912688416 1.473338592181277655708497809204475328258897116884921507008413976416437e-69
11.48568019884580881140237516211288158973598293332187876590314891268842 9.485680198845808811402375162112881589735982933321878765903148912688416 4.036855116477148811734045576122178250109938448211526494301555912609627e-80
4.483948487008618999999999989192423271217000087452197280610596849700494 8.485680198845808811402375162112881589735982933321878765903148912688416 1.847084149285549209715854753963382819193243731304751072160953462203976e-70
5.484924413535971000000000001468742673286599969545695754428552395128049 8.485680198845808811402375162112881589735982933321878765903148912688416 1.987341903441829111925602256371611026102147951167883400746450969582616e-70
6.485680198845808811402375162112881589735982933321878765903148912688416 8.485680198845808811402375162112881589735982933321878765903148912688416 -1.085215050018310816939010316102177285403190898628985686845402847055723e-69
7.485680198845808811402375162112881589735982933321878765903148912688416 8.485680198845808811402375162112881589735982933321878765903148912688416 -9.305824326568249281343455079023342064602684804419152085452161102392559e-70
8.485680198845808811402375162112881589735982933321878765903148912688416 8.485270741372022999999999996899949062848524761086866518759513934599156 -4.560609418081927403660837557689166869899407372668587340284464092531656e-70
9.485680198845808811402375162112881589735982933321878765903148912688416 8.485680198845808811402375162112881589735982933321878765903148912688416 -4.535033413306416648888111543849235976417027799433229872048767406046607e-70
10.48568019884580881140237516211288158973598293332187876590314891268842 8.485680198845808811402375162112881589735982933321878765903148912688416 8.053622207871764073183129332154499544703022075511117995746161068481299e-70
11.48568019884580881140237516211288158973598293332187876590314891268842 8.485680198845808811402375162112881589735982933321878765903148912688416 -7.198418789749226900103383209270083550860099536041630520769997710508752e-79
5.485680198845808811402375162112881589735982933321878765903148912688416 7.485680198845808811402375162112881589735982933321878765903148912688416 2.846738830091312205331604687431995511019274914103289684761298239283248e-70
6.485680198845808811402375162112881589735982933321878765903148912688416 7.485680198845808811402375162112881589735982933321878765903148912688416 -1.01852238010174239389094652708956564483814475283300461649942190807976e-69
7.485680198845808811402375162112881589735982933321878765903148912688416 7.485680198845808811402375162112881589735982933321878765903148912688416 -5.214227961525881695051156504924979802096093313616993109121445088159524e-69
8.485680198845808811402375162112881589735982933321878765903148912688416 7.484834909763078000000000029837198987841813721728395391241100651884617 -4.269117348368319513966426254967840852585476481226471094814735371664907e-70
9.485680198845808811402375162112881589735982933321878765903148912688416 7.485680198845808811402375162112881589735982933321878765903148912688416 -4.228462061014562730303896834864223773154421027671985963299081352960314e-70
10.48568019884580881140237516211288158973598293332187876590314891268842 7.485680198845808811402375162112881589735982933321878765903148912688416 7.782782877625315949778666686603583408813788562150056267722671435881814e-70
11.48568019884580881140237516211288158973598293332187876590314891268842 7.485680198845808811402375162112881589735982933321878765903148912688416 2.654887845618352783513289975537460446998761360792211978083277057546837e-69
5.484556686734574499999999946585460499359447941328560881047401721966602 6.485680198845808811402375162112881589735982933321878765903148912688416 2.44949021123976521190874171688086920728159441792317991230751279836892e-70
6.485006067838535000000000091376433718691979903668924804819576968684002 6.485680198845808811402375162112881589735982933321878765903148912688416 -9.373696707046728362727056500981283434326114659820688001766083496639636e-70
7.485356006444915999999999989507189682303955804083286127214158364471233 6.485680198845808811402375162112881589735982933321878765903148912688416 -5.441783141154201995980972882549836219003974409129332478299863514392105e-69
8.485680198845808811402375162112881589735982933321878765903148912688416 6.484320680517287999999999845069429241680829780480289343327153723747225 2.164275305407376628895058500150060650673002243265761058197675118754858e-69
9.485680198845808811402375162112881589735982933321878765903148912688416 6.485680198845808811402375162112881589735982933321878765903148912688416 2.158626750671192319048696124023563322278901098288359215105344618983009e-69
10.48568019884580881140237516211288158973598293332187876590314891268842 6.485680198845808811402375162112881589735982933321878765903148912688416 2.176119681896330053028113597661397205554717281929864350920404272607025e-69
11.48568019884580881140237516211288158973598293332187876590314891268842 6.485680198845808811402375162112881589735982933321878765903148912688416 2.651444681808139661670106383641217625655390895136089874027080123372012e-69
5.484679449711216000000000000873950519578293673742847861311691816644079 5.485680198845808811402375162112881589735982933321878765903148912688416 2.569164792977819919635441406547345177347359460279249005248327248640566e-70
6.485101788641601999999999991996385425399079935679187212824065588563398 5.485680198845808811402375162112881589735982933321878765903148912688416 -5.321414931719179047100294300093993452466849780176569357428130408718024e-69
7.485680198845808811402375162112881589735982933321878765903148912688416 5.485680198845808811402375162112881589735982933321878765903148912688416 -5.344334246340273846992647328065368952732116694120565879145876795640652e-69
8.485680198845808811402375162112881589735982933321878765903148912688416 5.48361913772365999999999998916872779170886304146507564788364236485269 -5.079252639021804941579260044274850565509941022844406437966127681860716e-69
9.485680198845808811402375162112881589735982933321878765903148912688416 5.485680198845808811402375162112881589735982933321878765903148912688416 2.204711543196180558900055621400016216235745695194412029597336472525413e-69
10.48568019884580881140237516211288158973598293332187876590314891268842 5.485680198845808811402375162112881589735982933321878765903148912688416 2.680036543207507598643741348874589064912551029429131911217641593710757e-69
11.48568019884580881140237516211288158973598293332187876590314891268842 5.485680198845808811402375162112881589735982933321878765903148912688416 2.680036542973050033868697739211955051881395250705748003468130890973654e-69
8.485680198845808811402375162112881589735982933321878765903148912688416 4.482563846850876999999999989181449680066782365539909315611909848469433 2.095990133181299757500942616943622705833125750661597966879558582426298e-69
9.485680198845808811402375162112881589735982933321878765903148912688416 4.485680198845808811402375162112881589735982933321878765903148912688416 2.131747953718443221870880621213107621778116427424255252087436427814021e-69
10.48568019884580881140237516211288158973598293332187876590314891268842 4.485680198845808811402375162112881589735982933321878765903148912688416 1.480745072846523653558738966509709416686723863995946792769878313802069e-70
11.48568019884580881140237516211288158973598293332187876590314891268842 4.485680198845808811402375162112881589735982933321878765903148912688416 2.663822411977997292306658850281530919779699857867935386243708658815567e-69
10.48568019884580881140237516211288158973598293332187876590314891268842 3.485680198845808811402375162112881589735982933321878765903148912688416 1.202306121290984597618081493212451963262351064360810591624709890156511e-70
11.48568019884580881140237516211288158973598293332187876590314891268842 3.485680198845808811402375162112881589735982933321878765903148912688416 1.202306121290984597618081493212451963262351064360810591624709890156511e-70
11.48568019884580881140237516211288158973598293332187876590314891268842 2.485680198845808811402375162112881589735982933321878765903148912688416 -2.426262313924708530909487905846842986455139282922313329874592106877972e-79
4.484256927404110999999999712693629242685057337000652632851752370803933 5.485680198845808811402375162112881589735982933321878765903148912688416 1.207614463498269855746611257876432666167888216336290684265744852444939e-70
4.485680198845808811402375162112881589735982933321878765903148912688416 7.485680198845808811402375162112881589735982933321878765903148912688416 2.517532945403339104883508219384460746044727551398225248125897639751196e-70
4.484046189498481999999999994339190994096248687085973676189415348729414 6.485680198845808811402375162112881589735982933321878765903148912688416 2.598603600378602812693702664036581406553204515587288334248008800541632e-70
0.6684810635215270505881545637551239152295996589383368101551754514774057 10.26450911684316444416616952928306929717215257150795738061140325681493 25.97474629116211558631731743063200637480949505891282015857729695864475
1.567263031928173438376679893838889240767321306941665413424529369169044 10.7029052764903928789765532154881821504344861758168746075883122680495 25.97474629116211558631731743063200637480949505891282015857729695864476
1.52090009229724822107148360435606497681206719392620039894784692212885 9.567433747723319047844546004253092698708334887808508039249708664554973 25.97474629116211558631731743063200637480949505891282015857729695864476
2.4211708737903003407933811121764227615092646671655284416813047562223 10.00277397034216448002507048222944425614989892704402969750345470325892 25.97474629116211558631731743063200637480949505891282015857729695864476
2.41846376494570605015206705536943168141698264561112241000131570254184 8.886396325067675950033389008520206660778955856488274208930402084098292 25.35785412257760365461358571652566456969329363813071714775800814255794
3.319719646575547286251398633579623410196573204343703187868328192880829 9.319719646575547286251398633579623410196573204343703187868328192880829 25.35785412257760365461358571652566456969329363813071714775800814255794
3.317179546817822137533466909229832237906271763629860636504581272147142 8.205921641076529226510694381089189073053628204546930802836974625069615 25.97961591076349078990945815292272865165211935462717160987511785281556
0.6684810635215270505881545637551239152295996589383368101551754514774057 9.033873040386039709393884520916893019180231837153860954859108434366032 25.97474629116211558631731743063200637480949505891282015857729695864475
0.6659605522702615251509765285332581795394097289781755780348207198075867 7.914231671736667468434344422989063916262310384350266676111401705215824 25.35785412257760365461358571652566456969329363813071714775800814255793
1.564963434135538661625534025797804074181694222847139089991067730261321 8.352308821332339777492404634023365986348024203977179433176505814382087 25.35785412257760365461358571652566456969329363813071714775800814255794
0.6685006520279866738689082528830493518297111696920181293985676405412738 6.792913243540795334785116452204376281007109517507055594631511649916512 25.97961591076349078990945815292272865165211935462717160987511785281557
1.565818645110834380196080724784427654139674852616055810791536814091373 7.23431362704346729449822179054903344002174902340052066493427467260298 25.97961591076349078990945815292272865165211935462717160987511785281557
2.464768593597188825194484364180905887767281898682074090250142864823496 7.672364982613086197237634656918653910053564316718538644272803902953404 25.97961591076349078990945815292272865165211935462717160987511785281557
1.514469714574026427761785819739289725462308373679247260672693180947454 6.092521998279141866818873842687818273985596278749604346812630424562235 26.21504803267002730027241039022727301201159298172529825812881885998781
2.414269403677318254263962613821884797127997469663011409282889623997371 6.535348132764429507388037060098286962321918130501382212764258860123975 25.97961591076349078990945815292272865165211935462717160987511785281556
3.314518600847486 6.972369857497238 25.98040430809642
2.362596519791130247020488253640125027144401427755223931709642150353847 5.395478572147471515824999847019821409713241659215425113146813077629645 26.21504803267002730027241039022727301201159298172529825812881885998781
3.2790174336775357 5.834480067152085 26.56195333426289
2.5 3.5 -5.973172623847332074816517510679869584594702243525326672397973048515019e-70
3.191294218128863597070478095752685615667504899105239715387861087177975 4.5 1.617790217915833675621858007016989344212863557831229137340028191548972e-70
2.5 2.5 2.179738950663016955815225998193072030018006628958967977011175386559173e-69
3.5 3.485680198845808811402375162112881589735982933321878765903148912688416 -1.272327035157515684537625757634772904521114143941231192933406783859847e-69
4.191294218128863597070478095752685615667504899105239715387861087177975 4.485680198845808811402375162112881589735982933321878765903148912688416 1.592214213314133827274284166946424960289023450617863550214108197404425e-70
3.5 1.5 9.600274780098835329947955561739084204783319861886293332417013968340901e-81
4.260854780265220492001094000745374909106831385997802939011596423069503 2.427017830971617489782135264181054890311139945012111652425441533653525 -29.15952437438362134347280264330440643298652200602792615604897414493846
4.74634049306194 3.3055339604450404 -28.809154598584314
5.191294218128863597070478095752685615667504899105239715387861087177975 4.485680198845808811402375162112881589735982933321878765903148912688416 1.566638207363032642193210082964152813139215639874148116668888574570331e-70
4.508012182322844 0.5006586419957921 0.000037091291235
4.992370756220389935466690951944243275839946333871406144508421577619419 1.678964901750470428162688327724310754533323269143307807339535680257781 -28.78105261824333043459052933652187768285675076517005212986035467546752
5.475572265974615987392848874715061971857225379915304799597751164760417 2.554476313177475129669408284865026862058079002387612814019370851610233 -28.78105261824333043459052933652187768285675076517005212986035467546752
5.957036124206389941517338022855124634378328230110221930650015841902298 3.430942258446642031870295792173585708603622690479311297646177534983914 -28.78105261824333043459052933652187768285675076517005212986035467546752
6.485680198845808811402375162112881589735982933321878765903148912688416 4.485680198845808811402375162112881589735982933321878765903148912688416 -5.08131791296852091820825507093606925568551758248797553085923945804939e-69
5.521468456444480999999999989290529585425913749573562928997700471287888 0.5 -1.378094907997702843511412668202019635028688708755800281949027835748523e-80
6.065735388350527161281528529428415746138172580225560611757382903347786 1.552469510392161883611812349968803398148932718422033062038234600752977 -28.9727997253154187804482194837123872558598341703069733047158102375834
6.548277044712659546735660776568304929887500350137835325015364704168253 2.430249351826171481038799327080011988657115976086872474936806549056954 -28.78105261824333043459052933652187768285675076517005212986035467546752
7.029740902944433500860149924708367592408603200332752456067629381310133 3.306715297095338383239686834388570835202659664178570958563613232430635 -28.78105261824333043459052933652187768285675076517005212986035467546752
6.729541853390444977040515733916867808294054492661852814605427533103534 0.6778789498914352731502185445125865827327539785601505536409618652348617 -28.46893498652652690635519527272907586268802108868499402495880421133093
7.211136685024334868745047523725978924502387109051958248039779986219107 1.55429075283073117850791263795394149842560254636208103427073475852618 -28.46893498652652690635519527272907586268802108868499402495880421133093
7.692607687074525544816562937587207124486358699844724811113756705226293 2.43076970284252702654330606271441093728784145452762635818280959068421 -28.46893498652652690635519527272907586268802108868499402495880421133093
7.882365392802359129701727853406430510413986296321966268910887789127789 0.6737673016799612124836535258931340811051984484529816290787283544130834 -27.33572301958096611068078935396286118111864944525351691131901416930462
8.363981010210196355546014934639272977029541114200548210126842362364956 1.550512944771100180445126566272347313191527548119719175391121972937103 -27.33572301958096611068078935396286118111864944525351691131901416930464
8.844566624143652379099233436199968244509116956509426275036596757410225 2.4277910258296017934858464348869161733566738475172418002400114310511 -27.33572301958096611068078935396286118111864944525351691131901416930465
9.311912897165847598918721636219747508630784484868897136824420558275332 3.311912897165847598918721636219747508630784484868897136824420558275332 -27.33572301958096611068078935396286118111864944525351691131901416930465
9.060073787077652190724848875353079331426361103858760247585812464500575 0.6608690022147532783080738444010290337465665022093128049077792306682185 -24.16521366808171853876751114573350739992098397932001240870274250667521
9.541975604976928301209340453261505142031137520886406129135482007951751 1.540693285349159142391587398440741328219824525502209860774828030696878 -24.16521366808171853876751114573350739992098397932001240870274250667521
10.01025898815487037746444157995321856151675340688956168660472248636866 2.426628000200450059082351678824681460241267109236467211776496771793048 -24.16521366808171853876751114573350739992098397932001240870274250667521
7.485680198845808811402375162112881589735982933321878765903148912688416 4.485680198845808811402375162112881589735982933321878765903148912688416 -5.082350549941878906522752503794589749756752451392028256731551412462753e-69
8.173059616476044274556456516236508837131082144131068708245708017746817 3.307801248954373538252156617600295007003228954761728212262187047453554 -28.46893498652652690635519527272907586268802108868499402495880421133093
10.7193993039714269671341196587208000855899202793133260773597456173964 1.56113414902882098772553867752993620358571604471124444020102085876969 -28.22508232522566065338192080900035938721242187863433776057170967390474
10.25209125445033459217877072283920849085038719892608301473414860982088 0.6770165132604954463633667332937947796004288814983232150158943756351539 -28.22508232522566065338192080900035938721242187863433776057170967390474
