344 18.99445051427740152092419129172031357682435047555975102107869713758503
0.5 18.38802035668778599999999999422159386925458249945273366693371360626275 0.0
1.5 18.49445051427740152092419129172031357682435047555975102107869713758503 6.675932156726181672464054125498583193007433819682508868951651794375955e-74
18.4171250099257100000000000126663451246890631891323517938308481511281 0.5 3.421226566253823004802163479196711652908451952133712809862848850602702e-80
18.49445051427740152092419129172031357682435047555975102107869713758503 1.5 0.0
0.5 9.5 -1.001703264837509041074195752150389632514555610377461774786164554158535e-72
0.5035290486404943000000000140701231055302339083722511437062396907218124 8.5 -1.001703264837509041074195752150389632514555610377461774786164554158535e-72
0.5 7.5 -1.014553096921400845579379741240923538258226544776944978813319166268177e-72
1.5 7.5 -1.01833138229739195015733088970238839018944329822425461315685339269065e-72
0.5 6.5 -1.033537577945368061341026383479151732791343903837973116041283319140726e-72
1.5 6.5 -1.026827940831880979684464260075080935582182295798512652240585263232087e-72
2.5 6.5 -1.030508855354487534006542204316914267886219969271977465375322622556051e-72
0.5 5.5 2.202832270163292899720367500533495209162271806634528618028789709669458e-80
1.508762149082966099999999985024897529111360232757824942558631805606684 5.5 -9.416486278444025821552843247122691395678230666220222607289118041129995e-73
2.518777183251936999999999982990371453107180200512862758056031433754107 5.5 -9.872438608216367369604225778840551505598564148717844262827956883123772e-73
3.5395095083542025 5.556900423911946 -0.3007302679831
0.5 4.5 -1.084829281770531150706535890697281204866792901021093869710743978544843e-72
1.5 4.5 -1.085975268897949083503947740624329801886541909309494380490426935422153e-72
2.5 4.5 1.439816927555316355190980169347893264078280008685664430740145125473229e-72
3.5 4.5 1.442672535572706491881660116568458132619834854584162687247606181312904e-72
4.5 4.5 2.885571304777186323652901154508911569600892574859840499233032706398483e-72
0.5 3.5 -3.383277032413144888013589677597328717599642519760901404510081390230315e-72
1.5 3.5 -3.366237434088793228469883972849437911442332699088717391244652200212454e-72
2.5 3.5 -3.389396026631923504484065274154427116879665583063895877728399780922035e-72
3.5 3.5 2.864167789713083195652710927544750959881771443828880810591822552786495e-72
4.5 3.5 2.881755322262735402915498940071750922350093571140994913221163378630063e-72
5.5 3.5 2.881808438573827113565505649743351604012267086408101889496920168722514e-72
0.5 2.5 -2.868471311770746850283837805996440715347315061797663409668336652114593e-80
1.5 2.5 1.128737119882128950415223949441961914108467263500889709541541074569357e-80
2.5 2.5 -7.289679146745773437542171644335959554056429612549844433629419877546457e-140
3.5 2.5 2.881808438573827113565505649743351604012267086408101889496920168722514e-72
4.5 2.5 1.483247815692445691506483527312660929040034819873506022895061500264551e-72
5.5 2.5 2.881808438573827113565505649743351604012267086408101889496920168722514e-72
6.5 2.5 2.861591085162679813286341917785548250609892631869795990526491085781138e-72
0.5 1.5 -9.516903228184775826835574564360734538353149055702378798902632968681886e-81
1.5 1.5 3.56665253443708788146183866800638492411787201348870303315292722730926e-72
2.5 1.5 -7.521203342431691642547336173780725340141905857383782403906797143643925e-74
3.5 1.5 2.865974326273970920633827047272234287506705179339925505488695332630632e-72
4.5 1.5 1.359261169965401512640571414923490699164576534241070752796822221536803e-72
5.5 1.5 5.921958000146216156447797324197876373080153243497967619076088698363848e-72
6.5 1.5 3.716862200519636452566027784242570686142892695939100659664836601222285e-72
7.5 1.5 4.009793278066976021802081929958241041495787976700363763816996068922101e-72
0.5 0.5 3.293495358370088129789149313992401833156876670180687873710765907111445e-72
1.5 0.5 3.293495358370088129789149313992401833156876670180687873710765907111445e-72
2.5 0.5 3.007007187842299625185962900623400778507381716592612140764829946544901e-72
3.5 0.5 2.998705498593976537987918896094954654050403426450904107019109425479367e-72
4.5 0.5 9.262955695415872865031982445603630155753715634883184644811529113750939e-73
5.5 0.5 5.921958000146216156447797324197876373080153243497967619076088698363848e-72
6.5 0.5 4.006030411863616811714686425192681075907162488248625154080883531246132e-72
7.5 0.5 4.006030411863616811714686425192681075907162488248625154080883531246132e-72
8.5 0.5006681565497002000000000046348625444544878152764286033102304047860532 3.669359863620067873770991976829218736626206974734571507640162092946639e-72
9.5 0.5 3.669555525491672711916516122681438100163971963049876993906105764293641e-72
3.494450514277401520924191291720313576824350475559751021078697137585031 18.49445051427740152092419129172031357682435047555975102107869713758503 1.792657585899134891925178718735292104279196864800238512951032452591768e-78
4.494450514277401520924191291720313576824350475559751021078697137585031 18.49445051427740152092419129172031357682435047555975102107869713758503 1.792648390415580642787986304021302279751247952870214189270993551536106e-78
5.494450514277401520924191291720313576824350475559751021078697137585031 18.49445051427740152092419129172031357682435047555975102107869713758503 -5.103053008898456031032657944054179541545433526528823023931952304028369e-73
6.494450514277401520924191291720313576824350475559751021078697137585031 18.49445051427740152092419129172031357682435047555975102107869713758503 -5.135397516201409973919882174977715370382077503204468769938238868335926e-73
7.494450514277401520924191291720313576824350475559751021078697137585031 18.49445051427740152092419129172031357682435047555975102107869713758503 -5.295207557521754706400400178545743733839170231304508996292006238087398e-73
8.494450514277401520924191291720313576824350475559751021078697137585031 18.49445051427740152092419129172031357682435047555975102107869713758503 -1.327360849987794847228158510191699347195582829237336376552697196247608e-78
9.494450514277401520924191291720313576824350475559751021078697137585031 18.49445051427740152092419129172031357682435047555975102107869713758503 -1.026056235494891600374653420909457937073975318818396319126038307867174e-78
10.49445051427740152092419129172031357682435047555975102107869713758503 18.49445051427740152092419129172031357682435047555975102107869713758503 -4.977380166520210507318454816568331063419022810240536798062867658043803e-73
11.49445051427740152092419129172031357682435047555975102107869713758503 18.49445051427740152092419129172031357682435047555975102107869713758503 3.251920928318718415126365397741616554489442202740277843998777503325668e-73
12.49445051427740152092419129172031357682435047555975102107869713758503 18.49445051427740152092419129172031357682435047555975102107869713758503 3.407231479335707665089155177873897406013686247262999581593451499079417e-73
14.49445051427740152092419129172031357682435047555975102107869713758503 18.49445051427740152092419129172031357682435047555975102107869713758503 3.800186951965486303602864593068155961334857696362332161973960662051667e-73
15.49445051427740152092419129172031357682435047555975102107869713758503 18.49445051427740152092419129172031357682435047555975102107869713758503 3.800186951965486303602864593068155961334857696362332161973960662051667e-73
16.49445051427740152092419129172031357682435047555975102107869713758503 18.49445051427740152092419129172031357682435047555975102107869713758503 3.800186951965486303602864593068155961334857696362332161973960662051667e-73
17.49445051427740152092419129172031357682435047555975102107869713758503 18.49445051427740152092419129172031357682435047555975102107869713758503 3.800186951965486303602864593068155961334857696362332161973960662051667e-73
18.49445051427740152092419129172031357682435047555975102107869713758503 18.49445051427740152092419129172031357682435047555975102107869713758503 9.500467379913715759007161482670389903337144240905830404934901655129168e-74
4.494450514277401520924191291720313576824350475559751021078697137585031 17.49445051427740152092419129172031357682435047555975102107869713758503 -1.017996649825889955982357585283486619907539839292311494382583708516778e-80
5.494450514277401520924191291720313576824350475559751021078697137585031 17.49445051427740152092419129172031357682435047555975102107869713758503 1.978802180441803285458359125511014777189222803315026837205393963480718e-80
6.494450514277401520924191291720313576824350475559751021078697137585031 17.49445051427740152092419129172031357682435047555975102107869713758503 -5.149896954474748926621392130659966303970832110887484548085919952276539e-73
7.494450514277401520924191291720313576824350475559751021078697137585031 17.49445051427740152092419129172031357682435047555975102107869713758503 -5.111635528194859625514885007829849714543107510942518295090265571844094e-73
8.494450514277401520924191291720313576824350475559751021078697137585031 17.49445051427740152092419129172031357682435047555975102107869713758503 -4.999003714951708755866624216766170868737214929916759441910490035838835e-73
9.494450514277401520924191291720313576824350475559751021078697137585031 17.49445051427740152092419129172031357682435047555975102107869713758503 -4.919841936891249169583594438721953996960770734502351792798611006529669e-73
10.49445051427740152092419129172031357682435047555975102107869713758503 17.49445051427740152092419129172031357682435047555975102107869713758503 -4.945816524552234222088748610224515729295045843879347133848076838769098e-73
11.49445051427740152092419129172031357682435047555975102107869713758503 17.49445051427740152092419129172031357682435047555975102107869713758503 3.596954409376737353960902666923401026742634739470743495502582237462513e-73
12.49445051427740152092419129172031357682435047555975102107869713758503 17.49445051427740152092419129172031357682435047555975102107869713758503 3.67558069712809911395181018347336745031899819090405396564753857964226e-73
14.49445051427740152092419129172031357682435047555975102107869713758503 17.49445051427740152092419129172031357682435047555975102107869713758503 7.600373903930972607205729186136311922669715392724664323947921324103334e-73
15.49445051427740152092419129172031357682435047555975102107869713758503 17.49445051427740152092419129172031357682435047555975102107869713758503 3.800186951965486303602864593068155961334857696362332161973960662051667e-73
16.49445051427740152092419129172031357682435047555975102107869713758503 17.49445051427740152092419129172031357682435047555975102107869713758503 3.777376316529374570794973937984782994453917127010366794455733607860425e-73
17.49445051427740152092419129172031357682435047555975102107869713758503 17.49445051427740152092419129172031357682435047555975102107869713758503 4.116869197962610162236436642490502291446095837725859842138457383889306e-73
18.49445051427740152092419129172031357682435047555975102107869713758503 17.49445051427740152092419129172031357682435047555975102107869713758503 5.688775625968352319102764810918252107255115742623258732633598878691372e-74
5.494450514277401520924191291720313576824350475559751021078697137585031 16.49445051427740152092419129172031357682435047555975102107869713758503 -3.677757038365635043976849771540794837864139755088231577935383703422311e-73
6.494450514277401520924191291720313576824350475559751021078697137585031 16.49445051427740152092419129172031357682435047555975102107869713758503 -3.522554351542659475759720085904949062996083719086782420569953607502804e-73
7.494450514277401520924191291720313576824350475559751021078697137585031 16.49445051427740152092419129172031357682435047555975102107869713758503 6.843873906333949913056890920831715929879330148771585798957177580745881e-73
8.494450514277401520924191291720313576824350475559751021078697137585031 16.49445051427740152092419129172031357682435047555975102107869713758503 -3.96848080000734087971236744737663503446355076863669931422604952139655e-73
9.494450514277401520924191291720313576824350475559751021078697137585031 16.49445051427740152092419129172031357682435047555975102107869713758503 1.646122202748394904196845612056765101173332023125893459735725923423085e-72
10.49445051427740152092419129172031357682435047555975102107869713758503 16.49445051427740152092419129172031357682435047555975102107869713758503 -4.477879898671194836233909860512029812802530411357743895630530592438869e-73
11.49445051427740152092419129172031357682435047555975102107869713758503 16.49445051427740152092419129172031357682435047555975102107869713758503 3.667370197819231348535637294668223096956571434528457538376721551417537e-73
12.49445051427740152092419129172031357682435047555975102107869713758503 16.49445051427740152092419129172031357682435047555975102107869713758503 3.830522520412327748915445426101260030885368124775847693241146258894067e-73
14.49445051427740152092419129172031357682435047555975102107869713758503 16.49445051427740152092419129172031357682435047555975102107869713758503 1.087504220177566745521077487817483212289778699961727286815517871513587e-72
15.49445051427740152092419129172031357682435047555975102107869713758503 16.49445051427740152092419129172031357682435047555975102107869713758503 1.076719636390221119354144968035977522378209680635994112559288854247972e-72
16.49445051427740152092419129172031357682435047555975102107869713758503 16.49445051427740152092419129172031357682435047555975102107869713758503 3.800186951965486303602864593068155961334857696362332161973960662051667e-73
17.49445051427740152092419129172031357682435047555975102107869713758503 16.49445051427740152092419129172031357682435047555975102107869713758503 1.583411229985619293167860247111731650556190706817638400822483609188195e-73
18.49445051427740152092419129172031357682435047555975102107869713758503 16.49445051427740152092419129172031357682435047555975102107869713758503 1.266728983988495434534288197689385320444952565454110720657986887350556e-73
6.494450514277401520924191291720313576824350475559751021078697137585031 15.49445051427740152092419129172031357682435047555975102107869713758503 6.650327165939601031305013037869272932336000968634081283454431158590417e-73
7.494450514277401520924191291720313576824350475559751021078697137585031 15.49445051427740152092419129172031357682435047555975102107869713758503 6.655015524465012269927083299726948707279882752146094417522429691877928e-73
8.494450514277401520924191291720313576824350475559751021078697137585031 15.49445051427740152092419129172031357682435047555975102107869713758503 -4.296232822369060776091592714141368261716487735903727357657550622611209e-73
9.494450514277401520924191291720313576824350475559751021078697137585031 15.49445051427740152092419129172031357682435047555975102107869713758503 1.55112397211587332733160019963397712973746999749012824119131749107612e-72
10.49445051427740152092419129172031357682435047555975102107869713758503 15.49445051427740152092419129172031357682435047555975102107869713758503 -4.613380579797400289436176591869037878948777357364005738371243302036088e-73
11.49445051427740152092419129172031357682435047555975102107869713758503 15.49445051427740152092419129172031357682435047555975102107869713758503 3.805220372334123599652944107350581263323787370072142213729506809265462e-73
12.49445051427740152092419129172031357682435047555975102107869713758503 15.49445051427740152092419129172031357682435047555975102107869713758503 -6.073404351304001457720723923188412594272460368076384589054502346679627e-73
14.49445051427740152092419129172031357682435047555975102107869713758503 15.49445051427740152092419129172031357682435047555975102107869713758503 8.233738395925220324472873284981004582892191675451719684276914767778612e-73
15.49445051427740152092419129172031357682435047555975102107869713758503 15.49445051427740152092419129172031357682435047555975102107869713758503 3.726444196027066411013571071626595627148573036952226177982529836391079e-73
16.49445051427740152092419129172031357682435047555975102107869713758503 15.49445051427740152092419129172031357682435047555975102107869713758503 3.71046955107188340931565558355876065246807732128881666622970465120425e-73
17.49445051427740152092419129172031357682435047555975102107869713758503 15.49445051427740152092419129172031357682435047555975102107869713758503 3.800186951965486303602864593068155961334857696362332161973960662051667e-73
18.49445051427740152092419129172031357682435047555975102107869713758503 15.49445051427740152092419129172031357682435047555975102107869713758503 1.266728983988495434534288197689385320444952565454110720657986887350556e-73
6.494450514277401520924191291720313576824350475559751021078697137585031 14.49445051427740152092419129172031357682435047555975102107869713758503 6.687046257833505125012889194130726401967390183999436714574425777543467e-73
7.494450514277401520924191291720313576824350475559751021078697137585031 14.49445051427740152092419129172031357682435047555975102107869713758503 1.95518288280517521568157512348156154385473328277496192863157350987214e-72
8.494450514277401520924191291720313576824350475559751021078697137585031 14.49445051427740152092419129172031357682435047555975102107869713758503 1.894363587349267386649937782937470689282453987798186025601573960323438e-72
9.494450514277401520924191291720313576824350475559751021078697137585031 14.49445051427740152092419129172031357682435047555975102107869713758503 2.158199501238835359765345539746219284696469420771268040352018302397523e-72
10.49445051427740152092419129172031357682435047555975102107869713758503 14.49445051427740152092419129172031357682435047555975102107869713758503 3.034141322646510477377238033305832541332638730270013616250197717255624e-74
11.49445051427740152092419129172031357682435047555975102107869713758503 14.49445051427740152092419129172031357682435047555975102107869713758503 2.739216941899432723537804498762612498206580319107947575475144102916386e-73
12.49445051427740152092419129172031357682435047555975102107869713758503 14.49445051427740152092419129172031357682435047555975102107869713758503 -6.177811210547313193586584324896145567955789957052476619466202682968713e-73
14.49445051427740152092419129172031357682435047555975102107869713758503 14.49445051427740152092419129172031357682435047555975102107869713758503 7.663409473284935799323378231679640771078852287501562542971434655730018e-73
15.49445051427740152092419129172031357682435047555975102107869713758503 14.49445051427740152092419129172031357682435047555975102107869713758503 3.724587300814916268260115751532601137479441936025191519786035201814141e-74
16.49445051427740152092419129172031357682435047555975102107869713758503 14.49445051427740152092419129172031357682435047555975102107869713758503 3.019407546933535403038563605334527546174318777545194721856076127109529e-74
17.49445051427740152092419129172031357682435047555975102107869713758503 14.49445051427740152092419129172031357682435047555975102107869713758503 -3.166822459971238586335720494223463301112381413635276801644967218376389e-74
18.49445051427740152092419129172031357682435047555975102107869713758503 14.49445051427740152092419129172031357682435047555975102107869713758503 1.266728983988495434534288197689385320444952565454110720657986887350556e-73
6.48498824908289730909090908992602679193197454369743524726890979645235 13.49445051427740152092419129172031357682435047555975102107869713758503 4.199602026307153085380051718758788971290520686240622310108308049172493e-73
7.48498824908289730909090908992602679193197454369743524726890979645235 13.49445051427740152092419129172031357682435047555975102107869713758503 4.169172695257933479409314641604053519868657916241826036474367357691359e-73
8.48498824908289730909090908992602679193197454369743524726890979645235 13.49445051427740152092419129172031357682435047555975102107869713758503 1.586842233661315973396625903792095410287405907389792479661770721995107e-72
9.48498824908289730909090908992602679193197454369743524726890979645235 13.49445051427740152092419129172031357682435047555975102107869713758503 1.201784781456947779651505121968677385759109929439353310785271585950324e-72
10.48498824908289730909090908992602679193197454369743524726890979645235 13.49445051427740152092419129172031357682435047555975102107869713758503 -6.031704165249123632367584627913473847607330949516034131104326824041826e-73
11.48498824908289730909090908992602679193197454369743524726890979645235 13.49445051427740152092419129172031357682435047555975102107869713758503 -7.556822459752936680010795670848834169304990699724857426469118173495298e-73
12.48498824908289730909090908992602679193197454369743524726890979645235 13.49445051427740152092419129172031357682435047555975102107869713758503 -9.934408526607727136483709011232341753926065608435402194179755866715445e-73
14.48498824908289730909090908992602679193197454369743524726890979645235 13.49445051427740152092419129172031357682435047555975102107869713758503 6.635585674635830712975297348980379356842194705025073075475542049463731e-73
15.48498824908289730909090908992602679193197454369743524726890979645235 13.49445051427740152092419129172031357682435047555975102107869713758503 7.902314658624326147509585546669764677287147270479183796133528936814287e-73
16.48498824908289730909090908992602679193197454369743524726890979645235 13.49445051427740152092419129172031357682435047555975102107869713758503 5.086784929863115945629924628765489257156057131274881777204077108070688e-74
17.48498838471661199999999999861160480681057439429084246620314507326657 13.49445051427740152092419129172031357682435047555975102107869713758503 -6.650327165939601031305013037869272932336000968634081283454431158590417e-73
18.48501022173907400000000000144519317836511173681766190803368593033551 13.49445051427740152092419129172031357682435047555975102107869713758503 1.900093475982743151801432296534077980667428848181166080986980331025834e-73
7.494450514277401520924191291720313576824350475559751021078697137585031 11.49445051427740152092419129172031357682435047555975102107869713758503 1.1400560855896458910808593779204467884004573089086996485921881986155e-72
8.494450514277401520924191291720313576824350475559751021078697137585031 11.49445051427740152092419129172031357682435047555975102107869713758503 5.066915935953981738137152790757541281779810261816442882631947549402223e-73
9.494450514277401520924191291720313576824350475559751021078697137585031 11.49445051427740152092419129172031357682435047555975102107869713758503 4.433551443959734020870008691912848621557333979089387522302954105726945e-73
10.49445051427740152092419129172031357682435047555975102107869713758503 11.49445051427740152092419129172031357682435047555975102107869713758503 4.433551443959734020870008691912848621557333979089387522302954105726945e-73
11.49445051427740152092419129172031357682435047555975102107869713758503 11.49445051427740152092419129172031357682435047555975102107869713758503 -2.026766374381592695254861116303016512711924104726577153052779019760889e-72
12.49445051427740152092419129172031357682435047555975102107869713758503 11.49445051427740152092419129172031357682435047555975102107869713758503 -2.786803764774689955975434034916647704978895643999043585447571152171223e-72
14.49445051427740152092419129172031357682435047555975102107869713758503 11.49445051427740152092419129172031357682435047555975102107869713758503 -3.800186951965486303602864593068155961334857696362332161973960662051667e-72
15.49445051427740152092419129172031357682435047555975102107869713758503 11.49445051427740152092419129172031357682435047555975102107869713758503 -3.800186951965486303602864593068155961334857696362332161973960662051667e-72
16.49445051427740152092419129172031357682435047555975102107869713758503 11.49445051427740152092419129172031357682435047555975102107869713758503 0.0
17.49445051427740152092419129172031357682435047555975102107869713758503 11.49445051427740152092419129172031357682435047555975102107869713758503 0.0
18.49445051427740152092419129172031357682435047555975102107869713758503 11.49445051427740152092419129172031357682435047555975102107869713758503 0.0
7.494450514277401520924191291720313576824350475559751021078697137585031 10.49445051427740152092419129172031357682435047555975102107869713758503 6.212932458977507344228610011391353093055398641106175860568811452593648e-73
8.494450514277401520924191291720313576824350475559751021078697137585031 10.49445051427740152092419129172031357682435047555975102107869713758503 6.333644919942477172671440988446926602224762827270553603289934436752779e-73
9.494450514277401520924191291720313576824350475559751021078697137585031 10.49445051427740152092419129172031357682435047555975102107869713758503 6.01696267394535331403786893902458027211352468590702592312543771491514e-73
10.49445051427740152092419129172031357682435047555975102107869713758503 10.49445051427740152092419129172031357682435047555975102107869713758503 4.433551443959734020870008691912848621557333979089387522302954105726945e-73
11.49445051427740152092419129172031357682435047555975102107869713758503 10.49445051427740152092419129172031357682435047555975102107869713758503 -3.800186951965486303602864593068155961334857696362332161973960662051667e-73
12.49445051427740152092419129172031357682435047555975102107869713758503 10.49445051427740152092419129172031357682435047555975102107869713758503 -3.800186951965486303602864593068155961334857696362332161973960662051667e-73
14.49445051427740152092419129172031357682435047555975102107869713758503 10.49445051427740152092419129172031357682435047555975102107869713758503 -2.533457967976990869068576395378770640889905130908221441315973774701111e-73
15.49445051427740152092419129172031357682435047555975102107869713758503 10.49445051427740152092419129172031357682435047555975102107869713758503 -2.85014021397411472770214844480111697100114327227174912148047049653875e-73
16.49445051427740152092419129172031357682435047555975102107869713758503 10.49445051427740152092419129172031357682435047555975102107869713758503 -3.166822459971238586335720494223463301112381413635276801644967218376389e-73
17.49445051427740152092419129172031357682435047555975102107869713758503 10.49445051427740152092419129172031357682435047555975102107869713758503 -3.364748863719440997981703025112429757431905251987481601747777669524914e-74
18.49445051427740152092419129172031357682435047555975102107869713758503 10.49445051427740152092419129172031357682435047555975102107869713758503 -3.166822459971238586335720494223463301112381413635276801644967218376389e-74
7.479456860708839130371343684166671049157708501126891825899105244770214 9.494450514277401520924191291720313576824350475559751021078697137585031 6.365051531923003389644145340887424340367888991118963534765861788094476e-73
8.479456860708839130371343684166671049157708501126891825899105244770214 9.494450514277401520924191291720313576824350475559751021078697137585031 8.372851870553270020638163821006060193454552960991470946065740897845298e-73
9.479456860708839130371343684166671049157708501126891825899105244770214 9.494450514277401520924191291720313576824350475559751021078697137585031 7.312913566717493807613379928008345626062173347579171597984407755570516e-73
10.47945686070883913037134368416667104915770850112689182589910524477021 9.494450514277401520924191291720313576824350475559751021078697137585031 6.117422817371488448005474243862837853587317681928407094158171721429878e-73
11.47945686070883913037134368416667104915770850112689182589910524477021 9.494450514277401520924191291720313576824350475559751021078697137585031 6.071495423953453839784247135946824956331551765721289395182532263690437e-73
12.47945686070883913037134368416667104915770850112689182589910524477021 9.494450514277401520924191291720313576824350475559751021078697137585031 1.302752353006011413117138754160367728792548848890444178422316874595123e-72
14.47945686070883913037134368416667104915770850112689182589910524477021 9.494450514277401520924191291720313576824350475559751021078697137585031 5.110467380132017665332086306045019035144534954816249780110750700010259e-73
15.47945686070883913037134368416667104915770850112689182589910524477021 9.494450514277401520924191291720313576824350475559751021078697137585031 5.368856690647335278441009151290994036397242139570962354817555162113176e-73
16.47945699634243499999999999842940501977908702719240343667769673133568 9.494450514277401520924191291720313576824350475559751021078697137585031 6.377196364120513099866374503734404355589487520270360500768737587360815e-73
17.4794788333648999999999999992083452692487464884689295746517758549494 9.494450514277401520924191291720313576824350475559751021078697137585031 -4.950116712421108672604804730746355043365745841958174865229697992183124e-73
18.47964624036229299999999999924375928680276582849794000676896151122703 9.494450514277401520924191291720313576824350475559751021078697137585031 5.665746296269638895909982947624443720876527897099269554971770838835962e-73
7.411673246877014999999999997920632957108369732277903123017027428646583 8.494450514277401520924191291720313576824350475559751021078697137585031 5.769869332543812373521790403720774177475614472120085045597940466527003e-73
8.411933126819536999999999998462507246900865345456689141638269414442969 8.494450514277401520924191291720313576824350475559751021078697137585031 6.150458339229209752853218115782563589427527613955757583728256244844114e-73
9.416574455525572000000000002072512596409006728978685523521960378389541 8.494450514277401520924191291720313576824350475559751021078697137585031 4.25965971939348658790103067609170866472216217665869395548209872821226e-73
10.42495942794830699999999999892220348537538210800584039018719135328628 8.494450514277401520924191291720313576824350475559751021078697137585031 3.752282285839255691113836792785487652252796334159457177469058814472895e-73
11.43309161571993000000000000077488414553942757174977737261851073585224 8.494450514277401520924191291720313576824350475559751021078697137585031 4.855007979315350178028299425242454037178233595716738825972984219566501e-73
12.44334048474989099999999999958114006581614819336944742663966926241666 8.494450514277401520924191291720313576824350475559751021078697137585031 -8.644332694725395466094554035647831071025045615765137492461424779202347e-73
14.46162491139392300000000000642752511228766833572869481038063603997273 8.494450514277401520924191291720313576824350475559751021078697137585031 -1.911819366052431903685729844448038532715197170797770491895016080000697e-72
15.46183664626629699999999999780466788872509165294840139546929059645576 8.494450514277401520924191291720313576824350475559751021078697137585031 9.802408134607069299311017843203842657954576118660349877120509267840121e-73
16.46896327370574300000000000708768422202383224287699181445128304371287 8.494450514277401520924191291720313576824350475559751021078697137585031 -3.123271015793202659140786978935985547747656720635469904166164067768353e-73
17.47370210907856600000000000081690653097890484628956418497157256027602 8.494450514277401520924191291720313576824350475559751021078697137585031 -9.621179840878685587449992459725963412506508427070208147656024639288298e-73
18.48022019915182700000000000079541137001502941076872264493811469984535 8.494450514277401520924191291720313576824350475559751021078697137585031 6.635585674635830712975297348980379356842194705025073075475542049463731e-73
7.494450514277401520924191291720313576824350475559751021078697137585031 7.494450514277401520924191291720313576824350475559751021078697137585031 5.85862155094679138472108291431340710705790561522526208304318935399632e-73
8.494450514277401520924191291720313576824350475559751021078697137585031 7.494450514277401520924191291720313576824350475559751021078697137585031 5.92990590026546345759990106786708768533079094687558075864814353143184e-73
9.494450514277401520924191291720313576824350475559751021078697137585031 7.494450514277401520924191291720313576824350475559751021078697137585031 5.475841305299315471332684172321370996963229152116777867103729210690613e-73
10.49445051427740152092419129172031357682435047555975102107869713758503 7.494450514277401520924191291720313576824350475559751021078697137585031 5.338143045053319970075938078583598442083212182270065971870794842223317e-73
11.49445051427740152092419129172031357682435047555975102107869713758503 7.494450514277401520924191291720313576824350475559751021078697137585031 5.57956796698325962696146591254666043283292235837912050023981800891837e-73
12.49445051427740152092419129172031357682435047555975102107869713758503 7.494450514277401520924191291720313576824350475559751021078697137585031 -9.700350402377966552108385472081549995034317962411090067697148819747708e-73
14.49445051427740152092419129172031357682435047555975102107869713758503 7.494450514277401520924191291720313576824350475559751021078697137585031 -1.909484681263048280100243166658525996469590428076155093788981659984443e-72
15.49445051427740152092419129172031357682435047555975102107869713758503 7.494450514277401520924191291720313576824350475559751021078697137585031 -1.223772160778705418408731066435662287909050466340572027725877321976564e-72
16.49445051427740152092419129172031357682435047555975102107869713758503 7.494450514277401520924191291720313576824350475559751021078697137585031 -2.895595350871900354396935206397406140808979493181653712406119925555295e-73
17.49445051427740152092419129172031357682435047555975102107869713758503 7.494450514277401520924191291720313576824350475559751021078697137585031 -2.533457967976990869068576395378770640889905130908221441315973774701111e-73
18.49445051427740152092419129172031357682435047555975102107869713758503 7.494450514277401520924191291720313576824350475559751021078697137585031 -9.025444010918029971056803408536870408170287028860538884688156572372709e-73
12.46950322176573727018992299992092645996584286087478318003032589720528 6.494450514277401520924191291720313576824350475559751021078697137585031 -9.749718776707848941713521030574141408008435753407403426868448874081077e-73
14.49445051427740152092419129172031357682435047555975102107869713758503 6.494450514277401520924191291720313576824350475559751021078697137585031 -1.203392534789070662807573787804916054422704937181405184625087542983028e-72
15.49445051427740152092419129172031357682435047555975102107869713758503 6.494450514277401520924191291720313576824350475559751021078697137585031 -1.42961562067683592652055289856018740248135525822686501983280019117103e-72
16.49445051427740152092419129172031357682435047555975102107869713758503 6.494450514277401520924191291720313576824350475559751021078697137585031 -2.895595350871900354396935206397406140808979493181653712406119925555295e-73
17.49445051427740152092419129172031357682435047555975102107869713758503 6.494450514277401520924191291720313576824350475559751021078697137585031 -2.533457967976990869068576395378770640889905130908221441315973774701111e-73
18.49445051427740152092419129172031357682435047555975102107869713758503 6.494450514277401520924191291720313576824350475559751021078697137585031 -9.14615647188299979949963438559244391733965121502491662740927955653184e-73
16.49445051427740152092419129172031357682435047555975102107869713758503 5.494450514277401520924191291720313576824350475559751021078697137585031 2.712271090993382319387852878260571603034019204536230892388472928210941e-74
17.49445051427740152092419129172031357682435047555975102107869713758503 5.494450514277401520924191291720313576824350475559751021078697137585031 2.72942775300914489925931746774554346183177908610737137875934751237962e-73
18.49445051427740152092419129172031357682435047555975102107869713758503 5.494450514277401520924191291720313576824350475559751021078697137585031 -9.025444010918029971056803408536870408170287028860538884688156572372709e-73
17.49445051427740152092419129172031357682435047555975102107869713758503 4.494450514277401520924191291720313576824350475559751021078697137585031 -1.070759198956341404343547125322612499503078610254960783214613149672047e-73
18.49445051427740152092419129172031357682435047555975102107869713758503 4.494450514277401520924191291720313576824350475559751021078697137585031 1.491382128722850451344559408317893334537383053155234158737500822156081e-78
18.49445051427740152092419129172031357682435047555975102107869713758503 3.494450514277401520924191291720313576824350475559751021078697137585031 1.449656277452654382172723614909422287496512487931187500753006233997981e-78
5.938005774084577391877712760475018993195498765214606777050162488681 5.76433240995383117217637544518791987151451200110749813439444891821016 -19.35281425049921913629478300910878423205935596248666048166319664530916
0.6337833869508820603606138692193345661936161258216314384830978552266716 17.01019835072317036976495427588494503168208199443457520327693756024955 18.67655596652791517011179036785614504208372213676482933784618543334198
1.581820923317384467293399646990618051778303383462032417061396206088057 17.32836427544963572758753372257458280911176152322986961791211718617545 18.67655596652791517011179036785614504208372213676482933784618543334198
0.6337833869508820603606138692193345661936161258216314384830978552266716 15.95461267131033408141903541906908656263261516343396896523848601373948 18.67655596652791517011179036785614504208372213676482933784618543334198
1.581820923317384467293399646990618051778303383462032417061396206088057 16.27277859603679943924161486575872434006229469222926337987366563966538 18.67655596652791517011179036785614504208372213676482933784618543334198
2.531918006397243809552841594405875129012008033151372166672699166755337 16.5848516439732838191552298037789400282663092305088188490996174049788 18.67655596652791517011179036785614504208372213676482933784618543334198
0.6318240637007715477534594528533333369643972215889551434954467211882317 14.85392757983942084368034484127820871064763337541509264973759865333383 18.32076361466859527610365765083693555864845851611936283274278782008468
1.566923757301707431371376604823217229630190619729431945139728185537408 15.21118481407468241841660583617702325012811394691964896209726711692127 18.32076361466859527610365765083693555864845851611936283274278782008468
2.516986722510416704967148176844582807557270693924864637232196904078796 15.5232522352699066477011029731624818841875555241095718928796549890142 18.32076361466859527610365765083693555864845851611936283274278782008468
3.468545853626397230387220986464421031730480094035123295578572306351733 15.83080116215461246715400442099651483606184184509364950485142292791629 18.32076361466859527610365765083693555864845851611936283274278782008468
4.384010052727075887388819854328946473572777111315081068789147315440804 16.24735855137431891213319787317460962918756219264116545149304896889384 18.32076361466859527610365765083693555864845851611936283274278782008468
0.6295361617918666256542479542563588849798116647964734393863055127538361 13.78530375888877601705914774650394234388012602690684177036672075718206 17.91079006302389777709058100365732580586381145999551747000699268408118
1.575743454327496756877162731333620534104526269123142163128369434389457 14.109328519135634668744509553487800585942529508731803866027487692681 17.91079006302389777709058100365732580586381145999551747000699268408118
2.511174570381664165146954073275771536405784631704079792738531413262611 14.46669549412552658790200553908728367471529638969156652700724956221025 17.91079006302389777709058100365732580586381145999551747000699268408118
3.462711075335404963509684605849750295954635690606319685007894131208013 14.77423131275551904084777091502602268512606866038227351351049786977252 17.91079006302389777709058100365732580586381145999551747000699268408118
4.414247580289145761872415138423729055503486749508559577277256849153414 15.08176713138551149379353629096476169553684093107298050001374617733479 17.91079006302389777709058100365732580586381145999551747000699268408118
0.6295361617918666256542479542563588849798116647964734393863055127538361 11.68046799130545451202597844457739322586863823250620477912818652556984 17.91079006302389777709058100365732580586381145999551747000699268408118
1.581072666745607424016978486830337644528662723698713331655668230699238 11.98800380993544696497174382051613223627941050319691176563143483313211 17.91079006302389777709058100365732580586381145999551747000699268408118
2.531739438941996557414506685870563280869714784953431336070803006377018 12.29823064020714310450683580761188624506041920023696604486481109143915 17.91079006302389777709058100365732580586381145999551747000699268408118
3.461841342578053298544482272315997172746836692958797797153666188940392 13.72301838632748910877565871457752290637364386004071515474397260172108 17.91079006302389777709058100365732580586381145999551747000699268408118
4.413377847531794096907212804889975932295687751861037689423028906885793 14.03055420495748156172142409051626191678441613073142214124722090928335 17.91079006302389777709058100365732580586381145999551747000699268408118
5.364914352485534895269943337463954691844538810763277581692391624831195 14.33809002358747401466718946645500092719518840142212912775046921684562 17.91079006302389777709058100365732580586381145999551747000699268408118
0.6295361617918666256542479542563588849798116647964734393863055127538361 10.62953616179186662565424795425635888497981166479647343938630551275384 17.91079006302389777709058100365732580586381145999551747000699268408118
1.581423750575969416586752259611499048646837610965631777536837625875459 10.93598570343995618969303508578242822184683557693721824344296829904717 17.91079006302389777709058100365732580586381145999551747000699268408118
2.532609171699348222379709019404316404077513782600953223925030948644639 11.24460779905185153154577870613383690580135620617788741239280212787838 17.91079006302389777709058100365732580586381145999551747000699268408118
3.48327594389573735577723721844454204041856584385567122834016572432242 11.55483462932354767108087069322959091458236490321794169162617838618541 17.91079006302389777709058100365732580586381145999551747000699268408118
4.429483236431367487000151995521803689543280448182339952082229645958041 11.87885938957040632276623250021344915664476838504290378728694532168435 17.91079006302389777709058100365732580586381145999551747000699268408118
5.364914352485534895269943337463954691844538810763277581692391624831195 12.23622636456029824192372848581293224541753526600266644826670719121361 17.91079006302389777709058100365732580586381145999551747000699268408118
1.565326517113611933411475698289115237003799658494085864518853333863678 9.878311669455636101488696472696660662502985228931027599008388352870824 18.0105934174521752455163658900200366098113674062426264391774637309947
2.51632758509803196035357583260505855142829439729659303948822462779399 10.18749926416602764424260783771174311506378712659278032853213316967862 18.0105934174521752455163658900200366098113674062426264391774637309947
3.467510856733758258566232767219456466206358556894534387512698096744874 10.4961264462792541679815277776355207816949787452814701069919793336947 18.0105934174521752455163658900200366098113674062426264391774637309947
4.418174386876550917710239094598680093359129689541304272742291719724553 10.806352222481134610108178620323487707266634700550168817502851574852 18.0105934174521752455163658900200366098113674062426264391774637309947
5.364354416363414331946627893022506785555615582535154760910787533060547 11.13036811885331206139406959525917612304825663677445419623006437720041 18.0105934174521752455163658900200366098113674062426264391774637309947
2.570381250895103719736410592985452449494162344111161926580252501401438 9.153548002600514434998129811507345499696637238783066292773765109658288 18.0105934174521752455163658900200366098113674062426264391774637309947
3.521564522530830017949067527599850364272226503709103274604725970352321 9.462175184713740958737049751431123166327828857471756071233611273674374 18.0105934174521752455163658900200366098113674062426264391774637309947
4.472563888414414346084115056777743982305285258362881029372363273001422 9.771368014658131008557129019648843130832239888867170836801793180074241 18.0105934174521752455163658900200366098113674062426264391774637309947
5.431688374639058692415827607334216070509914981206957853624257169301166 10.08965330285526884605368637295269933786224782534867361086984576807725 19.23128989640215375605245887879380233031225565390940247640554601803651
1.630096097913987188977563398697806791268734893024596260167909604524484 8.811400948982757911630355647442396015373974350061536446429347854209141 18.0105934174521752455163658900200366098113674062426264391774637309947
3.48588235882231774306844032533729645993414995731124144707270261962695 8.399048640737329398323437672700563348532087264959086011779186143665635 18.0105934174521752455163658900200366098113674062426264391774637309947
4.436881724705902071203487854515190077967208711965019201840339922276051 8.708241470681719448143516940918283313036498296354500777347368050065502 18.0105934174521752455163658900200366098113674062426264391774637309947
5.398470747132677110330713240613175174746582724757327837932567790590164 9.018963929567903301692014610440600080891075847166905784386378275222374 19.23128989640215375605245887879380233031225565390940247640554601803651
4.377737157539682357637387063593834088823591211107770355332996268641524 7.637486733477602153979134105571238319968721253502172956348856755250734 18.0105934174521752455163658900200366098113674062426264391774637309947
5.341943061536275004257616903474185165510061809493290194081542790377929 7.940142858864653009638394342444281902359112341819397678383252253218277 19.23128989640215375605245887879380233031225565390940247640554601803651
5.444970351167000136709560849173528615778820109617258339975483005751823 15.44497035116700013670956084917352861577882010961725833997548300575182 5.994204277175116235642168540184747354918423226908629812348086400845309
2.571963684098191189556543601053836830885516642465795940428476421971621 17.72138019637050974195772816759962347624068044324021427282608728978864 26.56042416066734636408042564855933365048433649652581538654060838848098
3.462700785349488758201238360426769563374348517397080609653245497219689 16.99091067611727573843002214067115339849713004388542534434622100579097 20.28427015631799521337721541625350182840522493954046460629812976127811
2.516052959211032451989288879876789433855053675219678386400668521474986 8.053809639265137483988096459972447555188392682639972942315417947660473 21.44471226099081862467658718449051442910408274570465884265780415508081
3.419699564575089192804947053323738550022366798694607652757313119910488 7.314479937474292488885677487923236559163440008381378526827654304077405 19.28080379003826224580351528398657906786787753350181514680912955046262
6.494450514277401520924191291720313576824350475559751021078697137585031 11.49445051427740152092419129172031357682435047555975102107869713758503 1.011909038060419315794458989262618898806581426002387755728500598967776e-72
6.494450514277401520924191291720313576824350475559751021078697137585031 10.49445051427740152092419129172031357682435047555975102107869713758503 7.796343688963126637396470258503084743611589347923814261391295061781843e-73
6.342667378626227149994682571871644916929418347088148067577331278628278 9.348346262239577222781367503772182603164820532913573071385162719468131 19.23128989640215375605245887879380233031225565390940247640554601803651
6.286139693029825043921586234732654907692897431824110423726306278416044 8.269525191536326930727747235775864424632857027566064965382036697464035 19.23128989640215375605245887879380233031225565390940247640554601803651
4.472026473624990303385431156885171527604772788266420935816189489635436 6.614080804414794279705886385923668063858941480580063590204350129302806 18.28765579319349355735908489162539556217227707047064766627361917162241
5.442090021303524412790895851132531731316847082448213401999541799213772 6.865624446651366282610419229134325926060186905724337534776350358841852 18.28765579319349355735908489162539556217227707047064766627361917162241
6.378337584631599959955223587439164271838819881685403622830112798996876 7.242586934128001327654212849058709705426659193224178666955592932273778 19.23128989640215375605245887879380233031225565390940247640554601803651
4.686119199958273319823314222068056346835139893409843531984345010529249 5.631640501058296410113347058640355011388659483280152958846046754907642 18.28765579319349355735908489162539556217227707047064766627361917162241
16.99064698534785441955303252408130314373910852110705369288657579689287 0.6386384597628380090911671957363619919194843402052197647018044684331329 -19.57808598634765842814809822188549712714828722501535839893938822093657
17.31719284580070320925926433613710500226152779104763555277963464871834 1.583863333067474165532608652452094833308598621081148556289257886343617 -19.57808598634765842814809822188549712714828722501535839893938822093657
15.92928507300348329838306226772085370943570234484378325738658558522358 0.6386384597628380090911671957363619919194843402052197647018044684331329 -19.57808598634765842814809822188549712714828722501535839893938822093657
16.2558089608000546290102362455782935068153150176542766394050385318016 1.583871147710221016131473151363224736172065368433009381699121251322085 -19.57808598634765842814809822188549712714828722501535839893938822093657
16.57921201892518922651370610890839711591751464504067909549265481111111 2.530213768323372253868043167736152022434433550660826216405171634317653 -19.57808598634765842814809822188549712714828722501535839893938822093657
14.86119670834253945001027424812503582478580398968839262920859386116225 0.6305892364458562623897534984013220102077292353384890246984622795841593 -18.09877427174548238952536505506665152402851153937852152947781102361128
15.1877460658031529231026627692038256889680600230873607446471929298802 1.575917271638971374946115272795033807457472503416926622634886784401082 -18.09877427174548238952536505506665152402851153937852152947781102361128
15.51115831507099718112370344391227382474557680827502366549944490815041 2.522270597560832380377686692316975977784578527732867229860933226153437 -18.09877427174548238952536505506665152402851153937852152947781102361128
15.8243940468920431905660100490076775670520551232775020417144251948281 3.47194988113157918256096959330224400124991462163795325786685660476147 -18.09877427174548238952536505506665152402851153937852152947781102361128
16.26385024964821364817059565893967193534912626375067446733318070620545 4.380376944289268676156940067654510155471295032952404784751167159005532 -18.09877427174548238952536505506665152402851153937852152947781102361128
13.78803704316760465875971361104648689703397372843787552027848041604117 0.6314551822613597462977794122025827181988501362026777113647720373800415 -18.2542697473514176257399749852251275515031077211409510437138788266678
14.11843215078560133342399814988559275416529654995127905665610409285967 1.575470856652000555947468439412363075571494756089131687556599152981864 -18.2542697473514176257399749852251275515031077211409510437138788266678
14.44496844782141073488897721122312439240754721586317950091189946832832 2.520759294782548916359947660385558687412606144616333264107367089454993 -18.2542697473514176257399749852251275515031077211409510437138788266678
14.76837044230119702522625498230899354988014302072615252945311789472408 3.467081529871574718850974930370612873808609251908877201251675310637598 -18.2542697473514176257399749852251275515031077211409510437138788266678
15.08160502058589258355826981278858791015727283180034334405593416054049 4.416757316109598653114518924296183949929179713240041809378403119581268 -18.2542697473514176257399749852251275515031077211409510437138788266678
11.65990901838378600352399404499122272403305970148637897253563200126884 0.6190682944133667288373127904932331412808738298611768074389190653779603 -16.10358662482445992186802787177091189571926073580616012545440681007716
11.97851863668349028882476676735634850864040653642779155732828535516303 1.588810103131040359915677716366702894176788893130588416336027784965424 -18.53029914552406994085812596173200475282238468833553660495479191943667
12.30993639137821024170072712355209698226412576205552994928400997847418 2.532403428875643151799155672730715367077241234376885084269650955761195 -18.53029914552406994085812596173200475282238468833553660495479191943667
13.70407819419305442753692220711670753094182479280362122599108358423536 3.466997310688992037871840615607105596108926770733364764442889070078714 -18.2542697473514176257399749852251275515031077211409510437138788266678
14.02748018867284071787419997820257668841442059766659425453230201063112 4.413319545778017840362867885592159782504929878025908701587197291261319 -18.2542697473514176257399749852251275515031077211409510437138788266678
14.34071476695753627620621480868217104869155040874078506913511827644753 5.36299533201604177462641187951773085862550033935707330971392510020499 -18.2542697473514176257399749852251275515031077211409510437138788266678
10.61906829441336672883731279049323314128087382986117680743891906537796 0.6190682944133667288373127904932331412808738298611768074389190653779603 -16.10358662482445992186802787177091189571926073580616012545440681007716
10.91346082482130120958853896499782484284715248591553250913815449322731 1.599627182958744468873325239768367755536630763846364161465452605009107 -18.89304843159094915670485183576967121051707101255123571982308129797826
11.24485563894637638587215590570881777112367505197777314411885614353639 2.54315347824558680512169393591853130902078206184287070301286585889887 -18.89304843159094915670485183576967121051707101255123571982308129797826
11.57625045307145156215577284641981069940019761804001377909955779384547 3.486679773532429141370062632068694862504933359839377244560279112788632 -18.89304843159094915670485183576967121051707101255123571982308129797826
11.90660090496883879840095023339252361490841918776433962697943469867055 4.430563492372968037702023881428422616988863235244350334732507755366998 -18.89304843159094915670485183576967121051707101255123571982308129797826
12.23310709724164175400542832481169454247343179305247548109774122177715 5.375762874400017432136190262092743553049834150722577560693165281295019 -18.89304843159094915670485183576967121051707101255123571982308129797826
9.843246142746963400422505640359320523303746676420193308443464178085192 1.583726212609582256848074899742395785062002840701882258052743139826746 -19.15044621193855175155066755790321246872905628335256390567591231873907
10.17463244119152608016086372457683068859502938844096666320793264456822 2.527227985925481273202470268050957898147512619727378214270346386515715 -19.15044621193855175155066755790321246872905628335256390567591231873907
10.50601873963608875989922180879434085388631210046174001797240111105126 3.470729759241380289556865636359520011233022398752874170487949633204685 -19.15044621193855175155066755790321246872905628335256390567591231873907
10.83740503808065143963757989301185101917759481248251337273686957753429 4.414231532557279305911261004668082124318532177778370126705552879893655 -19.15044621193855175155066755790321246872905628335256390567591231873907
11.16774860105652932611956954859232023947062525729353691692878859545544 5.358095413883618933502905766151515570582373681849564559886413803554557 -19.15044621193855175155066755790321246872905628335256390567591231873907
9.125328509074757856673146268660716839439698584857744476267206856266489 2.562682076025469073508410565575023271501967294844834645006185661957275 -19.35281425049921913629478300910878423205935596248666048166319664530916
9.456712740508830154307151440308791719907982827379902694759610657438387 3.506177964281930533383958488213133251998225050186285966490357334308563 -19.35281425049921913629478300910878423205935596248666048166319664530916
9.788096971942902451941156611956866600376267069902060913252014458610284 4.449673852538391993259506410851243232494482805527737287974529006659851 -19.35281425049921913629478300910878423205935596248666048166319664530916
10.11948120337697474957516178360494148084455131242421913174441825978218 5.393169740794853453135054333489353212990740560869188609458700679011139 -19.35281425049921913629478300910878423205935596248666048166319664530916
8.74197302609929651455560632641399623104897193690194456749073083710888 1.637440059845266878754776547143092430482270998931804769988287736761593 -19.35281425049921913629478300910878423205935596248666048166319664530916
8.379402458668997208556866901506032045088725787685320393170122411402703 3.456574453513910564889698621483651209419897458036637747312556484453492 -19.35281425049921913629478300910878423205935596248666048166319664530916
8.7107866901030695061908720731541069255570100302074786116625262125746 4.40007034177037202476524654412176118991615521337808906879672815680478 -19.35281425049921913629478300910878423205935596248666048166319664530916
9.042170921537141803824877244802181806025294272729636830154930013746498 5.343566230026833484640794466759871170412412968719540390280899829156068 -19.35281425049921913629478300910878423205935596248666048166319664530916
7.651797942189928378616305141072834695629062226936346804502285793860609 4.402630725016192714554776421694797791355467446539304620264857181835441 -19.35281425049921913629478300910878423205935596248666048166319664530916
7.983182173624000676250310312720909576097346469458505022994689595032506 5.346126613272654174430324344332907771851725201880755941749028854186729 -19.35281425049921913629478300910878423205935596248666048166319664530916
15.45537676489318592815442770374329909309997590316219532586582795247192 5.455376764893185928154427703743299093099975903162195325865827952471922 -4.673173085404117107357067827965810563190962807215423081602807979576425
17.72917799682216124742244446012162471541634845765361807288705824592287 2.569066957137485632020500649455480335157510559023108021811656474652703 -27.79090880045514473745771471499771115991901548633179939108654735691306
17.00491835327530610851161725348849150238129755675816202818517862023812 3.453621533146850675462848239322803693853529004555638077998774577508787 -21.32309543898639691052525204329046663166455579385391349240629011054983
7.996046975693535866439326959259311436697999139729520484393646392245094 2.531332437333708370136064603051720368400201162123607872294658559257809 -19.35281425049921913629478300910878423205935596248666048166319664530916
7.260289466169387051391376531929372653198578002260516843281956083042465 3.430262980178211246976577439657948260196397407524878513776636737451531 -25.04918625476045657997583270425652066961549966377215960083395031409004
11.41637577142210769625048908548857061141171781721165109211395606073155 6.494450514277401520924191291720313576824350475559751021078697137585031 4.744951406532581815892324988258419364815813855356316368048045274699419e-73
10.41637577142210769625048908548857061141171781721165109211395606073155 6.494450514277401520924191291720313576824350475559751021078697137585031 6.015640178539892315504585306659996654159350768647043290715558213116449e-73
9.302956480322721483907819122793362425856965161538887830323428531953473 6.487299931617298869537534574814932027879425358684186685539817244352878 -0.8253697570438737915562738103879027147811435789179657459177228741543415
8.30285271329061340050346302591433968306171520291633642190734907570931 6.487299931617298869537534574814932027879425358684186685539817244352878 -0.8253697570438737915562738103879027147811435789179657459177228741543415
6.540876067658873959541463815691387790973756851706110729655592389404334 4.32476283757398312685635736491389436371044478121571755038340457294349 -21.44086838353616949467792518142072146085341042613324561348631342648249
6.899224852339901425580854435128086924006093774317404294450615855830977 5.27759807895235496410393365136651997696621906379026778140365699861382 -19.35281425049921913629478300910878423205935596248666048166319664530916
7.166260465623905974744905966631640060304067103605589895953582245912835 6.243695143997101976274926351171473906994645305631257201551213012111738 -19.35281425049921913629478300910878423205935596248666048166319664530916
5.64816805955976641821792264568310533583375075591579990615487189323079 4.787287310067243561365050938104381787331283379826400243322976902637973 -21.44086838353616949467792518142072146085341042613324561348631342648249
13.49445051427740152092419129172031357682435047555975102107869713758503 10.49445051427740152092419129172031357682435047555975102107869713758503 -2.533457967976990869068576395378770640889905130908221441315973774701111e-73
13.49445051427740152092419129172031357682435047555975102107869713758503 7.494450514277401520924191291720313576824350475559751021078697137585031 -9.69442762023352272578740700444967189755584815392866926757947104589936e-73
13.49445051427740152092419129172031357682435047555975102107869713758503 6.494450514277401520924191291720313576824350475559751021078697137585031 -1.214871502671123263019759038747285595591794374949600878885432064014106e-72
13.49445051427740152092419129172031357682435047555975102107869713758503 11.49445051427740152092419129172031357682435047555975102107869713758503 -3.800186951965486303602864593068155961334857696362332161973960662051667e-72
13.48498824908289730909090908992602679193197454369743524726890979645235 13.49445051427740152092419129172031357682435047555975102107869713758503 7.902314658624326147509585546669764677287147270479183796133528936814287e-73
13.47945686070883913037134368416667104915770850112689182589910524477021 9.494450514277401520924191291720313576824350475559751021078697137585031 4.199033642565958983184057733633637580601967526757299304142239126229668e-73
13.49445051427740152092419129172031357682435047555975102107869713758503 15.49445051427740152092419129172031357682435047555975102107869713758503 7.847954332668934469683532433827439565391138919183074939793273233876152e-73
13.49445051427740152092419129172031357682435047555975102107869713758503 14.49445051427740152092419129172031357682435047555975102107869713758503 -3.579499924765059691593816586064156913314825338746382618960039777927985e-73
13.49445051427740152092419129172031357682435047555975102107869713758503 16.49445051427740152092419129172031357682435047555975102107869713758503 4.691514720255590553594753571050640906924672505575354683993209744513395e-73
13.49445051427740152092419129172031357682435047555975102107869713758503 17.49445051427740152092419129172031357682435047555975102107869713758503 7.824436921428046018535661284131883932148249068575365151794592425563106e-73
13.49445051427740152092419129172031357682435047555975102107869713758503 18.49445051427740152092419129172031357682435047555975102107869713758503 3.800186951965486303602864593068155961334857696362332161973960662051667e-73
13.45373338509655200000000000149029531379047510243565839926882227538945 8.494450514277401520924191291720313576824350475559751021078697137585031 -7.513271015574900752815862155561356415940266006725050528990315022887261e-73
13.37754189715724502607194314577917589269957412689172078173528820876671 2.521708872558443677459361394633909984267815382206163187892121133605585 -18.2542697473514176257399749852251275515031077211409510437138788266678
13.29017155182552197646367986664830920760257312117041258299423610199524 5.37041643541149782090800992668104791777177926738508165024854936999485 -18.2542697473514176257399749852251275515031077211409510437138788266678
13.04714678953924835140765860694007003556825130537831724535766453194821 1.577693198167802867809672367424129626895170762319709211700294018003763 -18.2542697473514176257399749852251275515031077211409510437138788266678
12.96682606101128037629891212593429015986932904529310622566615404255341 4.421583027429595457709550250793366191190630983547265996374074150478186 -18.53029914552406994085812596173200475282238468833553660495479191943667
12.72348945633257719764827439330992739865133093928153584069819762799057 0.6314551822613597462977794122025827181988501362026777113647720373800415 -18.2542697473514176257399749852251275515031077211409510437138788266678
12.64030752090594010387282610987371630012101307537522917615838709928168 3.476347566051416513094423590063626610768840842123966041368253716145026 -18.53029914552406994085812596173200475282238468833553660495479191943667
2.526410226523885890274690930373846170445578330377860167543504210067238 13.36565141133759718961816272897803981760087697908095249376421073219183 17.91079006302389777709058100365732580586381145999551747000699268408118
5.364914352485534895269943337463954691844538810763277581692391624831195 13.28715819407388612829545897613396658630636183371239778800858820402961 17.91079006302389777709058100365732580586381145999551747000699268408118
1.580202933988255759051776153296584521320863726051191443801440288431617 13.04162665109073853793280092199418157553847349725599039810344379669289 17.91079006302389777709058100365732580586381145999551747000699268408118
4.413377847531794096907212804889975932295687751861037689423028906885793 12.97962237544389367534969360019522757589558956302169080150533989646734 17.91079006302389777709058100365732580586381145999551747000699268408118
0.6295361617918666256542479542563588849798116647964734393863055127538361 12.73139982081904239839770893489842756675746480021593611887006753838585 17.91079006302389777709058100365732580586381145999551747000699268408118
3.477946731477626688637421462947824929994429389280100059812866928012639 12.62225540045400175619219761459574448712282268206192814052557802693809 17.91079006302389777709058100365732580586381145999551747000699268408118
18.49445051427740152092419129172031357682435047555975102107869713758503 12.49445051427740152092419129172031357682435047555975102107869713758503 6.967009411936724889938585087291619262447239109997608963618927880428056e-73
17.49445051427740152092419129172031357682435047555975102107869713758503 12.49445051427740152092419129172031357682435047555975102107869713758503 -3.483504705968362444969292543645809631223619554998804481809463940214028e-73
7.494450514277401520924191291720313576824350475559751021078697137585031 12.49445051427740152092419129172031357682435047555975102107869713758503 1.001311941094299364783147460445950905439025633746850802254277211464532e-72
15.49445051427740152092419129172031357682435047555975102107869713758503 12.49445051427740152092419129172031357682435047555975102107869713758503 -3.546841155167787216696006953530278897245867183271510017842363284581556e-72
14.49445051427740152092419129172031357682435047555975102107869713758503 12.49445051427740152092419129172031357682435047555975102107869713758503 -3.293495358370088129789149313992401833156876670180687873710765907111445e-72
12.49445051427740152092419129172031357682435047555975102107869713758503 12.49445051427740152092419129172031357682435047555975102107869713758503 -1.646747679185044064894574656996200916578438335090343936855382953555722e-72
11.49445051427740152092419129172031357682435047555975102107869713758503 12.49445051427740152092419129172031357682435047555975102107869713758503 -2.280112171179291782161718755840893576800914617817399297184376397231e-72
10.49445051427740152092419129172031357682435047555975102107869713758503 12.49445051427740152092419129172031357682435047555975102107869713758503 4.156454478712250644565633148668295582710000605396300802159019474119011e-73
9.494450514277401520924191291720313576824350475559751021078697137585031 12.49445051427740152092419129172031357682435047555975102107869713758503 2.058434598981305081118218321245251145723047918862929921069228691944653e-73
8.494450514277401520924191291720313576824350475559751021078697137585031 12.49445051427740152092419129172031357682435047555975102107869713758503 1.013383187190796347627430558151508256355962052363288576526389509880445e-72
16.49445051427740152092419129172031357682435047555975102107869713758503 12.49445051427740152092419129172031357682435047555975102107869713758503 -3.364748863719440997981703025112429757431905251987481601747777669524914e-74
13.49445051427740152092419129172031357682435047555975102107869713758503 12.49445051427740152092419129172031357682435047555975102107869713758503 -1.520074780786194521441145837227262384533943078544932864789584264820667e-72
6.494450514277401520924191291720313576824350475559751021078697137585031 12.49445051427740152092419129172031357682435047555975102107869713758503 1.00883767350101778495795188199187933937517843027229811743382456697879e-72
