292 17.597249391156524
0.5 17.097249391156524 0.0
1.5275080171836555 17.097249391156524 89.99999999999984
2.5555063797966744 17.097249391156524 1.4210854715202004e-14
3.5813957297261716 17.097249391156524 89.99999999999986
4.5930952409108485 17.097249391156524 89.99999999999984
5.605925803241474 17.097249391156524 89.9999999999999
6.619393145543091 17.097249391156524 89.99999999999984
7.636451115603294 17.097249391156524 89.99999999999983
8.650568042694475 17.097249391156524 89.99999999999983
9.661835751328805 17.097249391156524 89.99999999999982
10.674208523134293 17.097249391156524 89.99999999999996
11.69080302323439 17.097249391156524 89.99999999999996
12.705011673822613 17.097249391156524 89.99999999999999
13.716097479940514 17.097249391156524 3.546717748577852e-16
0.5000000000000013 16.04630665315629 1.119030810211981e-15
1.500000000000118 16.09724939115652 0.0
2.5000000000001203 16.09724939115652 0.0
3.500000000000123 16.09724939115652 1.4210854715202004e-14
4.500000000000127 16.09724939115652 1.4210854715202004e-14
5.50000000000013 16.09724939115652 6.312904358342052e-15
6.500000000000132 16.09724939115652 1.4210854715202004e-14
7.500000000000135 16.09724939115652 1.4210854715202004e-14
8.500000000000137 16.09724939115652 7.471497606522252e-15
9.50000000000014 16.09724939115652 1.4210854715202004e-14
10.500000000000144 16.09724939115652 2.7779756642499252e-14
11.500000000000146 16.09724939115652 5.684341886080802e-14
12.50000000000015 16.095503865182433 6.878528209816017e-14
13.500000000000153 16.09724939115652 89.99999999999993
0.5000000000000013 15.039070618144853 90.0
1.500000000000004 15.097249391156517 5.003154562782447e-15
2.5000000000000067 15.097249391156517 4.59977039703755e-15
3.5000000000000093 15.097249391156517 2.021905725779253e-15
4.500000000000012 15.097249391156517 1.4210854715202004e-14
5.500000000000014 15.097249391156517 0.0
6.500000000000018 15.097249391156517 3.4771008910277373e-15
7.5000000000000195 15.097249391156517 4.050989734976153e-15
8.500000000000023 15.097249391156517 6.497294249078906e-15
9.500000000000025 15.097249391156517 6.778766682784801e-15
10.500000000000028 15.097249391156517 1.7364320267700973e-14
11.500000000000146 15.097249391156518 2.4536509677203222e-14
12.5000022347005 15.094686011387276 89.99977176426069
0.5000000000000013 14.031193693443575 0.0
1.500000000000004 14.097249391156513 0.0
2.5000000000000067 14.097249391156513 0.0
3.5000000000000093 14.097249391156513 0.0
4.500000000000012 14.097249391156513 3.8103672545721575e-15
5.500000000000014 14.097249391156513 1.4210854715202004e-14
6.500000000000018 14.097249391156513 1.4210854715202004e-14
7.5000000000000195 14.097249391156513 1.4210854715202004e-14
8.500000000000023 14.097249391156513 1.4210854715202004e-14
9.500000000000025 14.097249391156513 7.213586358273301e-15
10.500000000000028 14.097249391156513 8.595425450443494e-15
11.50000000000003 14.097249391156513 0.0
0.5000000000000013 13.028129630886491 1.452328092001221e-15
1.500000000000004 13.097249391156511 90.0
2.5000000000000067 13.097249391156511 90.0
3.5000000000000093 13.097249391156511 4.3019978122359723e-16
4.500000000000012 13.097249391156511 3.378357121072728e-15
5.500000000000014 13.097249391156511 1.4210854715202004e-14
6.500000000000018 13.097249391156511 1.4210854715202004e-14
7.5000000000000195 13.097249391156511 3.849745530026884e-15
8.500000000000023 13.097249391156511 7.902410342272154e-15
9.500000000000025 13.097249391156511 6.955346391301459e-15
10.500000000000028 13.097249391156511 1.4210854715202004e-14
0.5000000000000013 12.026373551724728 90.0
1.500000000000004 12.097249391156508 90.0
2.5000000000000067 12.097249391156508 0.0
3.5000000000000093 12.097249391156508 1.9797225907914864e-16
4.500000000000012 12.097249391156508 5.841889614285704e-15
5.500000000000014 12.097249391156508 6.129879733964031e-15
6.500000000000018 12.097249391156508 4.131186722346458e-15
7.5000000000000195 12.097249391156508 3.1362003101853554e-15
8.500000000000023 12.097249391156508 6.382001435998299e-15
9.500000000000025 12.097249391156508 0.0
0.5000000000000013 11.025295275856807 0.0
1.500000000000004 11.097249391156506 2.894002252022497e-17
2.5000000000000067 11.097249391156506 90.0
3.5000000000000093 11.097249391156506 8.46364213608614e-16
4.500000000000012 11.097249391156506 4.3185624254129845e-15
5.500000000000014 11.097249391156506 1.4210854715202004e-14
6.500000000000018 11.097249391156506 2.9955168454096302e-15
7.5000000000000195 11.097249391156506 5.250639201345814e-15
8.500000000000023 11.097249391156506 5.891167373814895e-15
0.5000000000000012 10.02170275669797 0.0
1.500000000000004 10.097249391156502 90.0
2.5000000000000067 10.097249391156502 0.0
3.5000000000000093 10.097249391156502 90.0
4.500000000000012 10.097249391156502 1.4210854715202004e-14
5.500000000000014 10.097249391156502 2.5188059472706927e-15
6.500000000000018 10.097249391156502 4.281364995983299e-15
7.5000000000000195 10.097249391156502 5.978655599904078e-15
0.5000000000000013 9.0214260959873 1.8187545886299393e-15
1.500000000000004 9.0972493911565 0.0
2.5000000000000067 9.0972493911565 90.0
3.5000000000000093 9.0972493911565 1.956377891960478e-15
4.500000000000012 9.0972493911565 1.7532275072933762e-15
5.500000000000014 9.0972493911565 1.4210854715202004e-14
6.500000000000018 9.0972493911565 1.4210854715202004e-14
0.5000000000000013 8.020762216237566 90.0
1.500000000000004 8.097249391156497 3.733112808458856e-15
2.5000000000000067 8.097249391156497 4.125661972222637e-15
3.5000000000000093 8.097249391156497 3.3198003445388634e-15
4.500000000000012 8.097249391156497 3.946096147765439e-15
5.500000000000014 8.097249391156497 6.643957645426413e-15
0.5000000000000013 7.018969067517435 90.0
1.500000000000004 7.0972493911564944 2.756336069137844e-15
2.5000000000000067 7.0972493911564944 4.490801656191885e-15
3.5000000000000093 7.0972493911564944 5.173599022774852e-15
4.500000000000012 7.0972493911564944 9.546181033607496e-15
0.5000000000000013 6.018246317114405 0.0
1.500000000000004 6.097249391156492 0.0
2.5000000000000067 6.097249391156492 1.4210854715202004e-14
3.5000000000000093 6.097249391156492 7.7564951314906e-15
0.5000000000000013 5.017520367127778 0.0
1.500000000000004 5.097249391156489 90.0
2.7060621935575924 4.891187332713044 41.88506391866421
0.5018449727155678 4.015390569804125 89.7882127426905
2.108249525761152 4.022720561305537 41.885063918664216
17.097249391156524 17.062712067059874 89.99999999999989
15.902493083342693 17.097249391156524 0.0
14.882166161049328 17.07600535226899 87.64384002256307
17.097249391156524 16.062333203332347 6.53982205888831e-14
16.09724939115652 16.09724939115652 89.99999999999996
17.07802958628403 15.057003244495718 89.62544744776748
0.6388091426721139 0.5000000000000013 4.2807878094804604e-15
1.6504187933274919 0.5000000000000014 1.4210854715202004e-14
2.665842414700334 0.5001714938857212 89.9803601908001
0.5000000000000013 1.5000000403010998 0.0
1.500000000000004 1.5000000000000042 0.0
0.5000001216470829 2.5000002157163403 1.2359635507515427e-05
16.909974057174615 0.5000000000000013 90.0
15.820931458801507 0.5000000000000013 2.8610002806373946e-15
14.798143849012387 0.5000000000000013 0.0
13.778675625048404 0.5000000000000013 0.0
12.771504159828734 0.5000000000000013 0.0
11.761710488574705 0.5000000000000013 3.7762758215437255e-16
10.748662183971081 0.5000000000000013 90.0
9.738355267130139 0.5000000000000013 1.5036917510587256e-15
8.725745611936626 0.5000000000000013 1.5755734089394373e-15
7.716242943333856 0.5000000000000013 0.0
6.705986187375171 0.5000000000000013 0.0
5.70053114801232 0.5000000000000013 90.0
4.687092276051695 0.5000000000000013 9.301272323033337e-16
3.6755965580498278 0.5000000000000013 90.0
17.097249391156524 1.500000000000004 0.0
16.09724939115652 1.500000000000004 90.0
15.097249391156518 1.500000000000004 0.0
14.097249391156515 1.500000000000004 0.0
13.097249391156513 1.500000000000004 0.0
12.09724939115651 1.500000000000004 90.0
11.097249391156508 1.500000000000004 90.0
10.097249391156504 1.500000000000004 90.0
9.097249391156502 1.500000000000004 0.0
8.097249391156499 1.500000000000004 0.0
7.097249391156495 1.500000000000004 1.7264913229127493e-15
6.097249391156493 1.500000000000004 90.0
5.09724939115649 1.500000000000004 2.8052135098699715e-15
17.097249391156524 2.5000000000000067 0.0
16.09724939115652 2.5000000000000067 90.0
15.097249391156518 2.5000000000000067 0.0
14.097249391156515 2.5000000000000067 90.0
13.097249391156513 2.5000000000000067 0.0
12.09724939115651 2.5000000000000067 0.0
11.097249391156508 2.5000000000000067 90.0
10.097249391156504 2.5000000000000067 90.0
9.097249391156502 2.5000000000000067 90.0
8.097249391156499 2.5000000000000067 0.0
7.097249391156495 2.5000000000000067 1.4210854715202004e-14
6.097249391156493 2.5000000000000067 0.0
17.097249391156524 3.5000000000000093 0.0
16.09724939115652 3.5000000000000093 0.0
15.097249391156518 3.5000000000000093 90.0
14.097249391156515 3.5000000000000093 0.0
13.097249391156513 3.5000000000000093 0.0
12.09724939115651 3.5000000000000093 0.0
11.097249391156508 3.5000000000000093 90.0
10.097249391156504 3.5000000000000093 90.0
9.097249391156502 3.5000000000000093 90.0
8.097249391156499 3.5000000000000093 0.0
7.097249380424757 3.500000010731748 89.99999959007778
17.097249391156524 4.500000000000012 90.0
16.09724939115652 4.500000000000012 90.0
15.097249391156518 4.500000000000012 90.0
14.097249391156515 4.500000000000012 90.0
13.097249391156513 4.500000000000012 0.0
12.09724939115651 4.500000000000012 0.0
11.097249391156508 4.500000000000012 0.0
10.097249391156504 4.500000000000012 0.0
9.097249391156502 4.500000000000012 90.0
8.097249391156499 4.500000000000012 0.0
17.079185007740147 5.500000000000014 89.99999999999997
16.078009965937493 5.500000000000014 0.0
15.07478251272465 5.500000000000014 89.99999999999997
14.073617290791512 5.500000000000014 89.99999999999999
13.070693467777964 5.500000000000014 0.0
12.067921579322512 5.500000000000014 1.4210854715202004e-14
11.067109375718593 5.500000000000014 1.6843070107645836e-14
10.063804317897786 5.500000000000014 89.99999999999996
9.060545209654336 5.503891871915578 89.85695739275513
17.097249391156524 6.501584983396791 3.902056271568295e-14
16.09724939115652 6.500000000000018 3.25816099435089e-14
15.097249391156518 6.500000000000019 2.842170943040401e-14
14.097249391156515 6.500000000000018 1.4210854715202004e-14
13.097249391156513 6.500000000000018 1.4210854715202004e-14
12.09724939115651 6.500000000000018 1.4210854715202004e-14
11.097249391156508 6.500000000000018 1.6830288565597966e-15
10.097249391156502 6.500000000000018 89.99999999999999
17.097249391156524 7.502110624799361 89.99999999999997
16.09724939115652 7.500000000000021 5.059650938238064e-14
15.097249391156517 7.500000000000021 1.4210854715202004e-14
14.097249391156513 7.500000000000021 2.842170943040401e-14
13.097249391156511 7.5000000000000195 1.113454944516538e-14
12.097249391156508 7.5000000000000195 4.263256414560601e-14
11.097249391156506 7.5000000000000195 9.460350043083973e-15
17.097249391156524 8.502587002117485 6.929194281413536e-14
16.09724939115652 8.500000000000025 9.039618866730532e-14
15.097249391156517 8.500000000000023 4.9785918193695144e-14
14.097249391156513 8.500000000000025 5.700354948076103e-14
13.097249391156511 8.500000000000023 5.684341886080802e-14
12.097249391156506 8.500000000000023 7.533412428736665e-14
17.097249391156524 9.503701912342116 1.9525153533721245e-13
16.097249391156517 9.500000000000027 9.12044671492068e-14
15.097249391156515 9.500000000000027 5.684341886080802e-14
14.097249391156511 9.500000000000027 7.105427357601002e-14
13.09724939115651 9.500000000000027 7.500907618491503e-14
17.097249391156524 10.506682357988863 89.99999999999991
16.09724939115652 10.500000000000032 8.526512829121202e-14
15.097249391156517 10.50000000000003 5.684341886080802e-14
14.097249391156511 10.500000000000032 9.947598300641403e-14
17.097249391156524 11.507847579926402 1.723265191945912e-13
16.09724939115652 11.500000000000034 1.0418263261612894e-13
15.097249391156517 11.500000000000032 5.684341886080802e-14
17.097249391156524 12.508752942010167 2.842170943040401e-14
16.09724939115652 12.500000000000039 1.0326992979103974e-13
17.067201636535497 13.511312048925095 89.75851620177474
1.4517124798625545 3.241564338040368 40.690833388592104
2.18731150427617 2.540036678821871 41.8850639186642
2.83887436526003 1.5001456786021343 89.98334955225036
2.827230479979751 3.3242777407265405 41.885063918664194
3.4948689828016026 2.5797921266614985 41.885063918664144
4.097249391156487 1.500000000000004 4.343442639792976e-15
3.4065167825206264 4.17613047080366 41.885063918664216
4.074155299575783 3.4316448408670186 41.885063918664194
4.762872449249602 2.706062098744548 41.885063918664194
4.042998285441597 4.964204668491506 41.88506391866418
4.710636788263449 4.219719054426465 41.88506391866417
5.399353937937268 3.4941363123039944 41.88506391866416
4.713431980450751 5.714418679163792 41.88506391866419
5.381070670312351 4.9699328565301935 41.88506391866451
6.092533465358677 4.2189864275773585 41.8850602676631
5.480663423275093 6.356693242938221 41.88506391866419
6.1483019260969485 5.612207628873183 41.88506391866418
6.8385628235355576 4.884903574584653 41.885066227746925
6.173842947043548 7.081543314563083 41.88506391866418
6.8414814498654035 6.337057700498044 41.88506391866418
7.5301986744981555 5.611475025597115 41.88506391866418
6.822099021313347 7.889196090495596 45.48375538837782
7.496537547860854 7.104419530424263 41.885071660134564
8.199216518696392 6.373661123126444 42.92098177079487
7.619440097537696 8.53908054911996 48.11493608133581
8.292369159173603 7.791649128947749 48.114936081335806
8.982441671050028 7.0633344194289265 48.1149360813358
14.772874001974461 16.07730218759522 87.88459544627719
15.425501153426666 15.039858069061895 41.88506391865576
16.135071165565595 14.300158340510848 41.199540696836046
14.101159389628855 15.016362281464032 41.88506391865577
14.770018911176747 14.272971650429918 41.88506391865577
15.457557976899613 13.54633242824879 41.88506391865577
13.39968197845687 14.28437832272105 43.343375910408554
14.072986612519692 13.518136901564594 45.025797602702426
14.781500194918483 12.762164325948339 45.8755475916891
12.645651659410508 13.5683091371268 48.114936081335955
13.318745004539498 12.821060909950067 48.114936081335955
14.008369124742128 12.092246197586597 48.114936081335955
11.859519910633145 12.890312064921838 43.734103324566135
12.577091231762731 12.100115656109622 44.03418047758308
13.264412991876336 11.373682262832324 44.03418047758308
11.202654005569123 12.107380445080219 41.885063918663846
11.87190907534032 11.364344533087833 41.885063918663874
12.559438338658484 10.637696520323422 41.88506391866387
10.509474481800671 11.382530373455356 41.885063918663846
11.178729551571866 10.63949446146297 41.885063918663874
11.866968608007843 9.912054956352115 41.885063918663896
9.715262694739204 10.770341669112588 41.88506391866392
10.434243937506821 9.97185595864112 41.885063918663874
11.121773200824986 9.24520794587671 41.88506391866389
9.071809343967173 9.990041799008644 41.88506391866401
9.74106441373837 9.247005887016256 41.885063918663874
10.428593677056535 8.520357874251843 41.885063918663874
8.365149641715103 9.254858417782135 44.118554758798446
9.036065358055307 8.495733581692203 45.34898624965309
9.725852731381195 7.762572499928957 45.82861336721364
