mixed 1
# toy M2 (lean/scripts/mk_toys.py)
2 1
1000
1000000
0
40
1000 0 1000 100 62500
0 1000 100 1000 62500
1000 100 1000 200 62500
100 1000 200 1000 62500
1000 200 1000 300 62500
200 1000 300 1000 62500
1000 300 1000 400 62500
300 1000 400 1000 62500
1000 400 1000 500 62500
400 1000 500 1000 62500
1000 500 1000 600 62500
500 1000 600 1000 62500
1000 600 1000 700 62500
600 1000 700 1000 62500
1000 700 1000 800 62500
700 1000 800 1000 62500
1000 800 1000 900 62500
800 1000 900 1000 62500
1000 900 1000 1000 62500
900 1000 1000 1000 62500
1000 1000 1000 1100 62500
1000 1000 1100 1000 62500
1000 1100 1000 1200 62500
1100 1000 1200 1000 62500
1000 1200 1000 1300 62500
1200 1000 1300 1000 62500
1000 1300 1000 1400 62500
1300 1000 1400 1000 62500
1000 1400 1000 1500 62500
1400 1000 1500 1000 62500
1000 1500 1000 1600 62500
1500 1000 1600 1000 62500
1000 1600 1000 1700 62500
1600 1000 1700 1000 62500
1000 1700 1000 1800 62500
1700 1000 1800 1000 62500
1000 1800 1000 1900 62500
1800 1000 1900 1000 62500
1000 1900 1000 2000 62500
1900 1000 2000 1000 62500
0
