mixed 1
# toy M2bad (lean/scripts/mk_toys.py)
2 1
1000
1000000
0
40
1000 0 1000 100 59375
0 1000 100 1000 59375
1000 100 1000 200 59375
100 1000 200 1000 59375
1000 200 1000 300 59375
200 1000 300 1000 59375
1000 300 1000 400 59375
300 1000 400 1000 59375
1000 400 1000 500 59375
400 1000 500 1000 59375
1000 500 1000 600 59375
500 1000 600 1000 59375
1000 600 1000 700 59375
600 1000 700 1000 59375
1000 700 1000 800 59375
700 1000 800 1000 59375
1000 800 1000 900 59375
800 1000 900 1000 59375
1000 900 1000 1000 59375
900 1000 1000 1000 59375
1000 1000 1000 1100 59375
1000 1000 1100 1000 59375
1000 1100 1000 1200 59375
1100 1000 1200 1000 59375
1000 1200 1000 1300 59375
1200 1000 1300 1000 59375
1000 1300 1000 1400 59375
1300 1000 1400 1000 59375
1000 1400 1000 1500 59375
1400 1000 1500 1000 59375
1000 1500 1000 1600 59375
1500 1000 1600 1000 59375
1000 1600 1000 1700 59375
1600 1000 1700 1000 59375
1000 1700 1000 1800 59375
1700 1000 1800 1000 59375
1000 1800 1000 1900 59375
1800 1000 1900 1000 59375
1000 1900 1000 2000 59375
1900 1000 2000 1000 59375
0
