mixed 1
# toy M2p (lean/scripts/mk_toys.py)
2 1
1000
1000000
5
500 500 200000
500 1500 200000
1500 500 200000
1500 1500 200000
1000 1000 50000
40
1000 0 1000 100 50000
0 1000 100 1000 50000
1000 100 1000 200 50000
100 1000 200 1000 50000
1000 200 1000 300 50000
200 1000 300 1000 50000
1000 300 1000 400 50000
300 1000 400 1000 50000
1000 400 1000 500 50000
400 1000 500 1000 50000
1000 500 1000 600 50000
500 1000 600 1000 50000
1000 600 1000 700 50000
600 1000 700 1000 50000
1000 700 1000 800 50000
700 1000 800 1000 50000
1000 800 1000 900 50000
800 1000 900 1000 50000
1000 900 1000 1000 50000
900 1000 1000 1000 50000
1000 1000 1000 1100 50000
1000 1000 1100 1000 50000
1000 1100 1000 1200 50000
1100 1000 1200 1000 50000
1000 1200 1000 1300 50000
1200 1000 1300 1000 50000
1000 1300 1000 1400 50000
1300 1000 1400 1000 50000
1000 1400 1000 1500 50000
1400 1000 1500 1000 50000
1000 1500 1000 1600 50000
1500 1000 1600 1000 50000
1000 1600 1000 1700 50000
1600 1000 1700 1000 50000
1000 1700 1000 1800 50000
1700 1000 1800 1000 50000
1000 1800 1000 1900 50000
1800 1000 1900 1000 50000
1000 1900 1000 2000 50000
1900 1000 2000 1000 50000
0
