mixed 1
# toy R_lighten (lean/scripts/mk_toys.py)
4 1
1000
1000000
0
240
1000 0 1000 100 59375
0 1000 100 1000 59375
1000 100 1000 200 59375
100 1000 200 1000 59375
1000 200 1000 300 59375
200 1000 300 1000 59375
1000 300 1000 400 59375
300 1000 400 1000 59375
1000 400 1000 500 59375
400 1000 500 1000 59375
1000 500 1000 600 59375
500 1000 600 1000 59375
1000 600 1000 700 59375
600 1000 700 1000 59375
1000 700 1000 800 59375
700 1000 800 1000 59375
1000 800 1000 900 59375
800 1000 900 1000 59375
1000 900 1000 1000 59375
900 1000 1000 1000 59375
1000 1000 1000 1100 59375
1000 1000 1100 1000 59375
1000 1100 1000 1200 59375
1100 1000 1200 1000 59375
1000 1200 1000 1300 59375
1200 1000 1300 1000 59375
1000 1300 1000 1400 59375
1300 1000 1400 1000 59375
1000 1400 1000 1500 59375
1400 1000 1500 1000 59375
1000 1500 1000 1600 59375
1500 1000 1600 1000 59375
1000 1600 1000 1700 59375
1600 1000 1700 1000 59375
1000 1700 1000 1800 59375
1700 1000 1800 1000 59375
1000 1800 1000 1900 59375
1800 1000 1900 1000 59375
1000 1900 1000 2000 59375
1900 1000 2000 1000 59375
1000 2000 1000 2100 59375
2000 1000 2100 1000 59375
1000 2100 1000 2200 59375
2100 1000 2200 1000 59375
1000 2200 1000 2300 59375
2200 1000 2300 1000 59375
1000 2300 1000 2400 59375
2300 1000 2400 1000 59375
1000 2400 1000 2500 59375
2400 1000 2500 1000 59375
1000 2500 1000 2600 59375
2500 1000 2600 1000 59375
1000 2600 1000 2700 59375
2600 1000 2700 1000 59375
1000 2700 1000 2800 59375
2700 1000 2800 1000 59375
1000 2800 1000 2900 59375
2800 1000 2900 1000 59375
1000 2900 1000 3000 59375
2900 1000 3000 1000 59375
1000 3000 1000 3100 59375
3000 1000 3100 1000 59375
1000 3100 1000 3200 59375
3100 1000 3200 1000 59375
1000 3200 1000 3300 59375
3200 1000 3300 1000 59375
1000 3300 1000 3400 59375
3300 1000 3400 1000 59375
1000 3400 1000 3500 59375
3400 1000 3500 1000 59375
1000 3500 1000 3600 59375
3500 1000 3600 1000 59375
1000 3600 1000 3700 59375
3600 1000 3700 1000 59375
1000 3700 1000 3800 59375
3700 1000 3800 1000 59375
1000 3800 1000 3900 59375
3800 1000 3900 1000 59375
1000 3900 1000 4000 59375
3900 1000 4000 1000 59375
2000 0 2000 100 59375
0 2000 100 2000 59375
2000 100 2000 200 59375
100 2000 200 2000 59375
2000 200 2000 300 59375
200 2000 300 2000 59375
2000 300 2000 400 59375
300 2000 400 2000 59375
2000 400 2000 500 59375
400 2000 500 2000 59375
2000 500 2000 600 59375
500 2000 600 2000 59375
2000 600 2000 700 59375
600 2000 700 2000 59375
2000 700 2000 800 59375
700 2000 800 2000 59375
2000 800 2000 900 59375
800 2000 900 2000 59375
2000 900 2000 1000 59375
900 2000 1000 2000 59375
2000 1000 2000 1100 59375
1000 2000 1100 2000 59375
2000 1100 2000 1200 59375
1100 2000 1200 2000 59375
2000 1200 2000 1300 59375
1200 2000 1300 2000 59375
2000 1300 2000 1400 59375
1300 2000 1400 2000 59375
2000 1400 2000 1500 59375
1400 2000 1500 2000 59375
2000 1500 2000 1600 59375
1500 2000 1600 2000 59375
2000 1600 2000 1700 59375
1600 2000 1700 2000 59375
2000 1700 2000 1800 59375
1700 2000 1800 2000 59375
2000 1800 2000 1900 59375
1800 2000 1900 2000 59375
2000 1900 2000 2000 59375
1900 2000 2000 2000 59375
2000 2000 2000 2100 59375
2000 2000 2100 2000 59375
2000 2100 2000 2200 59375
2100 2000 2200 2000 59375
2000 2200 2000 2300 59375
2200 2000 2300 2000 59375
2000 2300 2000 2400 59375
2300 2000 2400 2000 59375
2000 2400 2000 2500 59375
2400 2000 2500 2000 59375
2000 2500 2000 2600 59375
2500 2000 2600 2000 59375
2000 2600 2000 2700 59375
2600 2000 2700 2000 59375
2000 2700 2000 2800 59375
2700 2000 2800 2000 59375
2000 2800 2000 2900 59375
2800 2000 2900 2000 59375
2000 2900 2000 3000 59375
2900 2000 3000 2000 59375
2000 3000 2000 3100 59375
3000 2000 3100 2000 59375
2000 3100 2000 3200 59375
3100 2000 3200 2000 59375
2000 3200 2000 3300 59375
3200 2000 3300 2000 59375
2000 3300 2000 3400 59375
3300 2000 3400 2000 59375
2000 3400 2000 3500 59375
3400 2000 3500 2000 59375
2000 3500 2000 3600 59375
3500 2000 3600 2000 59375
2000 3600 2000 3700 59375
3600 2000 3700 2000 59375
2000 3700 2000 3800 59375
3700 2000 3800 2000 59375
2000 3800 2000 3900 59375
3800 2000 3900 2000 59375
2000 3900 2000 4000 59375
3900 2000 4000 2000 59375
3000 0 3000 100 59375
0 3000 100 3000 59375
3000 100 3000 200 59375
100 3000 200 3000 59375
3000 200 3000 300 59375
200 3000 300 3000 59375
3000 300 3000 400 59375
300 3000 400 3000 59375
3000 400 3000 500 59375
400 3000 500 3000 59375
3000 500 3000 600 59375
500 3000 600 3000 59375
3000 600 3000 700 59375
600 3000 700 3000 59375
3000 700 3000 800 59375
700 3000 800 3000 59375
3000 800 3000 900 59375
800 3000 900 3000 59375
3000 900 3000 1000 59375
900 3000 1000 3000 59375
3000 1000 3000 1100 59375
1000 3000 1100 3000 59375
3000 1100 3000 1200 59375
1100 3000 1200 3000 59375
3000 1200 3000 1300 59375
1200 3000 1300 3000 59375
3000 1300 3000 1400 59375
1300 3000 1400 3000 59375
3000 1400 3000 1500 59375
1400 3000 1500 3000 59375
3000 1500 3000 1600 59375
1500 3000 1600 3000 59375
3000 1600 3000 1700 59375
1600 3000 1700 3000 59375
3000 1700 3000 1800 59375
1700 3000 1800 3000 59375
3000 1800 3000 1900 59375
1800 3000 1900 3000 59375
3000 1900 3000 2000 59375
1900 3000 2000 3000 59375
3000 2000 3000 2100 59375
2000 3000 2100 3000 59375
3000 2100 3000 2200 59375
2100 3000 2200 3000 59375
3000 2200 3000 2300 59375
2200 3000 2300 3000 59375
3000 2300 3000 2400 59375
2300 3000 2400 3000 59375
3000 2400 3000 2500 59375
2400 3000 2500 3000 59375
3000 2500 3000 2600 59375
2500 3000 2600 3000 59375
3000 2600 3000 2700 59375
2600 3000 2700 3000 59375
3000 2700 3000 2800 59375
2700 3000 2800 3000 59375
3000 2800 3000 2900 59375
2800 3000 2900 3000 59375
3000 2900 3000 3000 59375
2900 3000 3000 3000 59375
3000 3000 3000 3100 59375
3000 3000 3100 3000 59375
3000 3100 3000 3200 59375
3100 3000 3200 3000 59375
3000 3200 3000 3300 59375
3200 3000 3300 3000 59375
3000 3300 3000 3400 59375
3300 3000 3400 3000 59375
3000 3400 3000 3500 59375
3400 3000 3500 3000 59375
3000 3500 3000 3600 59375
3500 3000 3600 3000 59375
3000 3600 3000 3700 59375
3600 3000 3700 3000 59375
3000 3700 3000 3800 59375
3700 3000 3800 3000 59375
3000 3800 3000 3900 59375
3800 3000 3900 3000 59375
3000 3900 3000 4000 59375
3900 3000 4000 3000 59375
0
