mixed 1
# toy T1p (lean/scripts/mk_toys.py)
4 1
1000
1000000
16
500 500 20000
500 1500 20000
500 2500 20000
500 3500 20000
1500 500 20000
1500 1500 20000
1500 2500 20000
1500 3500 20000
2500 500 20000
2500 1500 20000
2500 2500 20000
2500 3500 20000
3500 500 20000
3500 1500 20000
3500 2500 20000
3500 3500 20000
240
1000 0 1000 100 62500
0 1000 100 1000 62500
1000 100 1000 200 62500
100 1000 200 1000 62500
1000 200 1000 300 62500
200 1000 300 1000 62500
1000 300 1000 400 62500
300 1000 400 1000 62500
1000 400 1000 500 62500
400 1000 500 1000 62500
1000 500 1000 600 62500
500 1000 600 1000 62500
1000 600 1000 700 62500
600 1000 700 1000 62500
1000 700 1000 800 62500
700 1000 800 1000 62500
1000 800 1000 900 62500
800 1000 900 1000 62500
1000 900 1000 1000 62500
900 1000 1000 1000 62500
1000 1000 1000 1100 62500
1000 1000 1100 1000 62500
1000 1100 1000 1200 62500
1100 1000 1200 1000 62500
1000 1200 1000 1300 62500
1200 1000 1300 1000 62500
1000 1300 1000 1400 62500
1300 1000 1400 1000 62500
1000 1400 1000 1500 62500
1400 1000 1500 1000 62500
1000 1500 1000 1600 62500
1500 1000 1600 1000 62500
1000 1600 1000 1700 62500
1600 1000 1700 1000 62500
1000 1700 1000 1800 62500
1700 1000 1800 1000 62500
1000 1800 1000 1900 62500
1800 1000 1900 1000 62500
1000 1900 1000 2000 62500
1900 1000 2000 1000 62500
1000 2000 1000 2100 62500
2000 1000 2100 1000 62500
1000 2100 1000 2200 62500
2100 1000 2200 1000 62500
1000 2200 1000 2300 62500
2200 1000 2300 1000 62500
1000 2300 1000 2400 62500
2300 1000 2400 1000 62500
1000 2400 1000 2500 62500
2400 1000 2500 1000 62500
1000 2500 1000 2600 62500
2500 1000 2600 1000 62500
1000 2600 1000 2700 62500
2600 1000 2700 1000 62500
1000 2700 1000 2800 62500
2700 1000 2800 1000 62500
1000 2800 1000 2900 62500
2800 1000 2900 1000 62500
1000 2900 1000 3000 62500
2900 1000 3000 1000 62500
1000 3000 1000 3100 62500
3000 1000 3100 1000 62500
1000 3100 1000 3200 62500
3100 1000 3200 1000 62500
1000 3200 1000 3300 62500
3200 1000 3300 1000 62500
1000 3300 1000 3400 62500
3300 1000 3400 1000 62500
1000 3400 1000 3500 62500
3400 1000 3500 1000 62500
1000 3500 1000 3600 62500
3500 1000 3600 1000 62500
1000 3600 1000 3700 62500
3600 1000 3700 1000 62500
1000 3700 1000 3800 62500
3700 1000 3800 1000 62500
1000 3800 1000 3900 62500
3800 1000 3900 1000 62500
1000 3900 1000 4000 62500
3900 1000 4000 1000 62500
2000 0 2000 100 62500
0 2000 100 2000 62500
2000 100 2000 200 62500
100 2000 200 2000 62500
2000 200 2000 300 62500
200 2000 300 2000 62500
2000 300 2000 400 62500
300 2000 400 2000 62500
2000 400 2000 500 62500
400 2000 500 2000 62500
2000 500 2000 600 62500
500 2000 600 2000 62500
2000 600 2000 700 62500
600 2000 700 2000 62500
2000 700 2000 800 62500
700 2000 800 2000 62500
2000 800 2000 900 62500
800 2000 900 2000 62500
2000 900 2000 1000 62500
900 2000 1000 2000 62500
2000 1000 2000 1100 62500
1000 2000 1100 2000 62500
2000 1100 2000 1200 62500
1100 2000 1200 2000 62500
2000 1200 2000 1300 62500
1200 2000 1300 2000 62500
2000 1300 2000 1400 62500
1300 2000 1400 2000 62500
2000 1400 2000 1500 62500
1400 2000 1500 2000 62500
2000 1500 2000 1600 62500
1500 2000 1600 2000 62500
2000 1600 2000 1700 62500
1600 2000 1700 2000 62500
2000 1700 2000 1800 62500
1700 2000 1800 2000 62500
2000 1800 2000 1900 62500
1800 2000 1900 2000 62500
2000 1900 2000 2000 62500
1900 2000 2000 2000 62500
2000 2000 2000 2100 62500
2000 2000 2100 2000 62500
2000 2100 2000 2200 62500
2100 2000 2200 2000 62500
2000 2200 2000 2300 62500
2200 2000 2300 2000 62500
2000 2300 2000 2400 62500
2300 2000 2400 2000 62500
2000 2400 2000 2500 62500
2400 2000 2500 2000 62500
2000 2500 2000 2600 62500
2500 2000 2600 2000 62500
2000 2600 2000 2700 62500
2600 2000 2700 2000 62500
2000 2700 2000 2800 62500
2700 2000 2800 2000 62500
2000 2800 2000 2900 62500
2800 2000 2900 2000 62500
2000 2900 2000 3000 62500
2900 2000 3000 2000 62500
2000 3000 2000 3100 62500
3000 2000 3100 2000 62500
2000 3100 2000 3200 62500
3100 2000 3200 2000 62500
2000 3200 2000 3300 62500
3200 2000 3300 2000 62500
2000 3300 2000 3400 62500
3300 2000 3400 2000 62500
2000 3400 2000 3500 62500
3400 2000 3500 2000 62500
2000 3500 2000 3600 62500
3500 2000 3600 2000 62500
2000 3600 2000 3700 62500
3600 2000 3700 2000 62500
2000 3700 2000 3800 62500
3700 2000 3800 2000 62500
2000 3800 2000 3900 62500
3800 2000 3900 2000 62500
2000 3900 2000 4000 62500
3900 2000 4000 2000 62500
3000 0 3000 100 62500
0 3000 100 3000 62500
3000 100 3000 200 62500
100 3000 200 3000 62500
3000 200 3000 300 62500
200 3000 300 3000 62500
3000 300 3000 400 62500
300 3000 400 3000 62500
3000 400 3000 500 62500
400 3000 500 3000 62500
3000 500 3000 600 62500
500 3000 600 3000 62500
3000 600 3000 700 62500
600 3000 700 3000 62500
3000 700 3000 800 62500
700 3000 800 3000 62500
3000 800 3000 900 62500
800 3000 900 3000 62500
3000 900 3000 1000 62500
900 3000 1000 3000 62500
3000 1000 3000 1100 62500
1000 3000 1100 3000 62500
3000 1100 3000 1200 62500
1100 3000 1200 3000 62500
3000 1200 3000 1300 62500
1200 3000 1300 3000 62500
3000 1300 3000 1400 62500
1300 3000 1400 3000 62500
3000 1400 3000 1500 62500
1400 3000 1500 3000 62500
3000 1500 3000 1600 62500
1500 3000 1600 3000 62500
3000 1600 3000 1700 62500
1600 3000 1700 3000 62500
3000 1700 3000 1800 62500
1700 3000 1800 3000 62500
3000 1800 3000 1900 62500
1800 3000 1900 3000 62500
3000 1900 3000 2000 62500
1900 3000 2000 3000 62500
3000 2000 3000 2100 62500
2000 3000 2100 3000 62500
3000 2100 3000 2200 62500
2100 3000 2200 3000 62500
3000 2200 3000 2300 62500
2200 3000 2300 3000 62500
3000 2300 3000 2400 62500
2300 3000 2400 3000 62500
3000 2400 3000 2500 62500
2400 3000 2500 3000 62500
3000 2500 3000 2600 62500
2500 3000 2600 3000 62500
3000 2600 3000 2700 62500
2600 3000 2700 3000 62500
3000 2700 3000 2800 62500
2700 3000 2800 3000 62500
3000 2800 3000 2900 62500
2800 3000 2900 3000 62500
3000 2900 3000 3000 62500
2900 3000 3000 3000 62500
3000 3000 3000 3100 62500
3000 3000 3100 3000 62500
3000 3100 3000 3200 62500
3100 3000 3200 3000 62500
3000 3200 3000 3300 62500
3200 3000 3300 3000 62500
3000 3300 3000 3400 62500
3300 3000 3400 3000 62500
3000 3400 3000 3500 62500
3400 3000 3500 3000 62500
3000 3500 3000 3600 62500
3500 3000 3600 3000 62500
3000 3600 3000 3700 62500
3600 3000 3700 3000 62500
3000 3700 3000 3800 62500
3700 3000 3800 3000 62500
3000 3800 3000 3900 62500
3800 3000 3900 3000 62500
3000 3900 3000 4000 62500
3900 3000 4000 3000 62500
0
