132 11.987099332247729
0.5000000000028226 11.487099332246085 6.5132e-11
11.487099332247583 0.5000000000001812 89.99999999999807
0.5004817264742565 5.507869939266425 0.009361096546284
0.5000000000037721 4.506464471893901 2.81293e-10
1.500000000009308 4.500000000060591 5.60291e-10
0.5000000000006635 3.5051787237643683 1.8158e-11
1.5000000000020508 3.500000000051641 3.7912e-11
0.5000000000004405 2.5039213590319913 1.6322e-11
2.5000000000028417 2.5000000000006213 89.99999999998704
0.5000000000001519 1.5025920404575253 5.31e-13
1.5000000000004627 1.5000000000337224 9.75e-13
3.500000000003273 1.5000000000025766 89.99999999986143
0.5000000000001128 0.5008627666514185 89.99999999999945
1.5000000000003437 0.5000000000123137 89.99999999999856
2.5000000000005973 0.500000000000143 89.9999999999952
3.500000000000873 0.5000000000005675 89.99999999998924
2.4870993322454713 11.487099332247604 89.99999999999783
3.487099332245738 11.487099332247626 89.99999999999989
4.487099332245999 11.487099332247608 8.75e-13
5.48709933224624 11.4870993322476 1.453e-12
6.487099332246474 11.48709933224759 1.684e-12
7.487099332246701 11.487099332247606 1.551e-12
8.487099332246931 11.48709933224762 4.49e-13
9.487099332247155 11.487099332247615 89.99999999999972
10.487099332247388 11.487099332247626 89.99999999999984
11.487099332247615 11.487099332247618 89.9999999999997
3.487099332245661 10.487099332247418 89.99999999999967
4.48709933224588 10.487099332247334 89.99999999999872
5.487099332246106 10.48709933224731 89.99999999999731
6.487099332246328 10.48709933224726 89.99999999999679
7.487099332246553 10.487099332247219 89.99999999999663
8.487099332246785 10.48709933224737 89.99999999999726
9.487099332247038 10.487099332247375 89.99999999999757
10.48709933224735 10.487099332247386 89.99999999999619
11.487099332247604 10.487099332247386 89.99999999999872
4.48709933224615 9.487099332247093 89.99999999999739
5.487099332246356 9.487099332246995 89.99999999999697
6.487099332246564 9.487099332246931 89.99999999999658
7.48709933224677 9.487099332246796 89.99999999999622
8.487099332246977 9.487099332247144 89.99999999999592
9.487099332247183 9.487099332247148 89.99999999999582
10.48709933224739 9.487099332247174 89.99999999999586
11.487099332247613 9.487099332247166 89.99999999999828
4.482743176773934 8.48709933224676 89.99999999998462
5.483427775888397 8.487099332246562 89.999999999982
6.484176146469588 8.487099332246526 89.99999999998163
7.485105078916806 8.487099332246366 89.9999999999829
8.487099332246757 8.487099332246764 89.99999999997647
9.487099332247027 8.487099332246807 89.99999999998099
10.48709933224732 8.487099332246913 89.99999999998954
11.487099332247606 8.487099332246942 89.99999999999777
5.487099332246131 7.48709933224617 89.99999999996864
6.487099332246345 7.487099332246181 89.99999999996976
7.487099332246563 7.487099332245976 89.9999999999714
8.4870993322468 7.487099332246542 89.9999999999751
9.487099332247036 7.487099332246575 89.9999999999788
10.487099332247327 7.487099332246698 89.99999999998876
11.487099332247604 7.487099332246716 89.99999999999729
5.487099332245522 6.4870993322457835 89.99999999995457
6.487099332245918 6.48709933224589 89.99999999996389
7.487099332246227 6.487099332245621 89.99999999996555
8.487099332246576 6.487099332246325 89.99999999997443
9.487099332246878 6.48709933224635 89.9999999999773
10.487099332247242 6.487099332246488 89.99999999998835
11.487099332247588 6.487099332246488 89.99999999999714
5.485154491989171 5.4870993322455055 89.9999999999557
6.487099332245315 5.487099332245642 89.99999999996437
7.487099332245865 5.48709933224525 89.99999999996821
8.487099332246295 5.48709933224611 89.99999999997411
9.487099332246668 5.487099332246127 89.99999999997613
10.487099332247075 5.487099332246278 89.99999999998813
11.487099332247551 5.487099332246257 89.99999999999642
8.487099332246736 4.487099332245897 89.99999999997385
9.487099332246967 4.487099332245906 89.99999999997505
10.487099332247297 4.4870993322460695 89.99999999998796
11.487099332247585 4.48709933224602 89.99999999999575
10.487099332247311 3.487099332245862 89.99999999998789
11.487099332247587 3.4870993322457706 89.99999999999547
11.487099332247567 2.4870993322455206 89.99999999999524
4.472688924683643 5.487099332245946 89.99999999996949
4.48709933224592 7.487099332246395 89.99999999996787
4.484147477123239 6.487099332246169 89.99999999996865
0.6689957799422732 10.26812924903447 26.103103910260646
1.5669995213597918 10.70811706750284 26.103103910260735
1.5202836108490114 9.57164693437823 26.103103910263016
2.4202303066881905 10.007669233196474 26.103103910258522
2.419073106983492 8.890506726072205 25.28095468759316
3.3214583949541727 9.321458394955457 25.28095468759285
3.3195031480721284 8.210049317590972 25.756006520226478
0.6689957799422874 9.036313152540078 26.103103910259065
0.6656409372918581 7.919902646264075 25.280954687593216
1.56632458548333 8.354457261171547 25.280954687593233
0.6675961841739682 6.802691394040286 25.75600652022722
1.566971077128465 7.239879510199797 25.75600652022723
2.4676237670612724 7.674419188615027 25.756006520226986
1.5124598439547787 6.099846529316309 25.940580868115397
2.4138174252001985 6.53815323179446 25.756006520228635
3.3159933419058207 6.971637174318947 25.73978658198686
2.361128480441981 5.400640885005066 25.94058086811365
3.2743339740227992 5.835666634940404 25.78994753212752
2.500000000003348 3.500000000000895 89.99999999997902
3.1805432436626537 4.500000000000825 89.9999999999714
1.5000000000015463 2.500000000044377 4.6531e-11
3.500000000004601 3.4870993322455646 89.99999999990501
4.180543243662859 4.487099332245683 89.99999999997118
2.5000000000007945 1.5000000000003748 89.9999999999919
4.265425560741143 2.4249764476552755 61.73057352652435
4.7311993900739715 3.3099250737778596 61.730573526544305
5.180543243663071 4.487099332245349 89.99999999997098
4.5000000000010925 0.5000000000002265 89.99999999998926
4.954619700539279 1.5921142903873058 61.73057352650177
5.426958429714277 2.473532599556427 61.7305735264947
5.903767803790709 3.3617984674901478 60.78907739294329
6.326995338067795 4.340647237841473 68.90461500292376
5.665302191007265 0.6924622147413793 64.80023466299342
6.104487262683185 1.6175414051484296 61.975546100484955
6.578322596400815 2.49816645347279 61.97554610047928
7.05612323161145 3.3766809422481785 61.97554610122324
6.757703238620505 0.665302191006135 64.80023466297743
7.224823446734269 1.5684114326004233 62.846291090258134
7.702742675374008 2.4471487337095024 62.84629109025783
7.889467324959566 0.6730822885181462 62.84629109025927
8.367386553599294 1.551819589627235 62.84629109025904
8.857637853673474 2.4242316567469775 62.846291090259754
9.314017043729043 3.314017043727826 62.84629109026058
9.061056880185369 0.6619509500849476 65.58689094898406
9.552662407692676 1.537003303630649 65.58689094898408
10.009564181666256 2.427807552873096 65.58689094898422
7.473447432472265 4.487099332244877 89.99999999997505
8.192993975448122 3.3195608008292754 62.84629109025876
10.716833658287701 1.5640744849569614 62.52885472728808
10.260453017069253 0.6742725545397494 62.52885472728991
