155 12.95249894401400738183632557749895395774679921217563633755355966298767
0.5 12.45249894401400738183632557749895395774679921217563633755355966298767 8.839186525017885649591941000278748659941835988948316056772309933587449e-79
0.5 6.5 1.50486358398738595716923522906038339027382363692376933517090520216274e-74
0.5 5.5 1.70263795539252118153526099971370425845392758700098708469429491702425e-74
0.5 4.5 1.760426929979165879217849200931120074446213173878942088303082124023655e-74
1.5 4.5 1.681550575746833369139952757557661831833249538161282745164247401105826e-74
0.5 3.5 1.196606432429351303480034767101524131658204605925926855816838256118999e-74
1.5 3.5 1.245372040623823967077841291402033359961185406264999980554064757208896e-74
0.5 2.5 1.552133512299151548001853424501761485064235827438463291617897416816167e-74
1.5 2.5 1.607210548258551675709641952267893346088340665595493044652200913313651e-74
2.5 2.5 1.180334800665883882654842048334819553796651634177407859307940176159651e-74
0.5 1.5 1.050304196061482884118413837374168234319221974245924800407555729288872e-80
1.5 1.5 -1.228480543105630923824918013598364216770918833859661666437170391190185e-80
2.5 1.5 -9.930765577930498671118724077406745456057508321630134485251860931041204e-81
6.452498944014007381836325577498953957746799212175636337553559662987673 9.452498944014007381836325577498953957746799212175636337553559662987673 3.989370168114000825773009522951283895630340779457261196967202251127981e-74
0.5 0.5 -5.349260102564922268106834384464703778202201939054252038192572255523974e-75
1.5 0.5 -9.380024395762276372915128016829758532153921738174260477603282690112327e-75
2.5 0.5 -2.853749560530983541366104028738925786016941140100316257431002342500948e-74
3.5 0.5 -9.551616218501333818800925386810534903678468756272182346778431186812556e-75
4.5 0.5 7.820393253412755814896205333612877483193708701373371362421487209077525e-81
2.452498944014007381836325577498953957746799212175636337553559662987673 12.45249894401400738183632557749895395774679921217563633755355966298767 3.082242807346247361095995298778129464392682131982383978801552367493921e-74
3.452498944014007381836325577498953957746799212175636337553559662987673 12.45249894401400738183632557749895395774679921217563633755355966298767 3.122441146177749552105542847770998241538035488173086268955108216125132e-74
4.452498944014007381836325577498953957746799212175636337553559662987673 12.45249894401400738183632557749895395774679921217563633755355966298767 2.675496739438054575343651544935214008836485750463422238859854658149761e-79
5.452498944014007381836325577498953957746799212175636337553559662987673 12.45249894401400738183632557749895395774679921217563633755355966298767 2.303075451035906109570584966530857830411165600608594033646684696769319e-79
6.452498944014007381836325577498953957746799212175636337553559662987673 12.45249894401400738183632557749895395774679921217563633755355966298767 -2.46622252354059066677850882218916704352822262284694334738538020955219e-76
9.452498944014007381836325577498953957746799212175636337553559662987673 9.452498944014007381836325577498953957746799212175636337553559662987673 4.988662497222696856633187446913903704440643510937183867020065561065793e-74
8.452498944014007381836325577498953957746799212175636337553559662987673 12.45249894401400738183632557749895395774679921217563633755355966298767 6.680148633420105383108477968930257367941489262244208160219432891540438e-74
9.452498944014007381836325577498953957746799212175636337553559662987673 12.45249894401400738183632557749895395774679921217563633755355966298767 6.608191836324969085917042990867333482720746895010003540244985953768033e-74
10.45249894401400738183632557749895395774679921217563633755355966298767 12.45249894401400738183632557749895395774679921217563633755355966298767 6.889050180472388462972197865042901196537095468437266261478038830206929e-74
11.45249894401400738183632557749895395774679921217563633755355966298767 12.45249894401400738183632557749895395774679921217563633755355966298767 6.742145226516701723445217277683670615442878627058855055830345056625679e-74
12.45249894401400738183632557749895395774679921217563633755355966298767 11.45249894401400738183632557749895395774679921217563633755355966298767 6.876706746080703109878626368506545958293575960686123456576904507499996e-74
3.452498944014007381836325577498953957746799212175636337553559662987673 11.45249894401400738183632557749895395774679921217563633755355966298767 3.01079139437624222461147262157494464175042184690354780949701124751414e-74
4.452498944014007381836325577498953957746799212175636337553559662987673 7.184746381707251025854558388825266786747799689287877743627644259734432 7.007147661973171631028826908049039783403240495655771833188632538957267e-74
10.45249894401400738183632557749895395774679921217563633755355966298767 9.452498944014007381836325577498953957746799212175636337553559662987673 4.881803849755445120878716095699105140838182927778794164377803419255017e-74
6.452498944014007381836325577498953957746799212175636337553559662987673 11.45249894401400738183632557749895395774679921217563633755355966298767 8.570510044695863292853772499074214960827039241357116236088571952482123e-76
7.452498944014007381836325577498953957746799212175636337553559662987673 11.45249894401400738183632557749895395774679921217563633755355966298767 8.569316612239113472167291025536855471160543951523180200140643436179506e-76
8.452498944014007381836325577498953957746799212175636337553559662987673 11.45249894401400738183632557749895395774679921217563633755355966298767 -2.238174008939809815657289077716517337482170193109145606251209266187641e-76
10.45249894401400738183632557749895395774679921217563633755355966298767 11.45249894401400738183632557749895395774679921217563633755355966298767 6.799958844651311220733000278526322894458566583819238762630140145795985e-74
8.292970398027455080732262171114050730394191344558537168574633079716614 4.292970398027455080732262171114050730394191344558537168574633079716614 -23.8619434020461656499602735425886391270479680183564228361413330322364
12.45249894401400738183632557749895395774679921217563633755355966298767 10.45249894401400738183632557749895395774679921217563633755355966298767 7.382280442602850276548856309180708970401473659805819787505188728144499e-79
12.45249894401400738183632557749895395774679921217563633755355966298767 12.45249894401400738183632557749895395774679921217563633755355966298767 6.717458357733331017268803896457762346077295309132646011885900541068382e-74
4.452498944014007381836325577498953957746799212175636337553559662987673 11.45249894401400738183632557749895395774679921217563633755355966298767 3.059861067256849262425845087249074418445660101358144927942707065767844e-74
5.452498944014007381836325577498953957746799212175636337553559662987673 10.45249894401400738183632557749895395774679921217563633755355966298767 3.611868158088074444867173756380784706762160129946139348213172077813756e-74
11.45249894401400738183632557749895395774679921217563633755355966298767 11.45249894401400738183632557749895395774679921217563633755355966298767 6.674724756165616242901367937704436487090191022976520078482686353978929e-74
6.452498944014007381836325577498953957746799212175636337553559662987673 10.45249894401400738183632557749895395774679921217563633755355966298767 4.27759217798068798244892720654584931122109038651496135999743339412175e-76
7.452498944014007381836325577498953957746799212175636337553559662987673 10.45249894401400738183632557749895395774679921217563633755355966298767 3.656656281814835441898505873838548918651252141685658679984463602289368e-74
8.452498944014007381836325577498953957746799212175636337553559662987673 10.45249894401400738183632557749895395774679921217563633755355966298767 1.471969790099325464563480715306752727934220190823292962277895771512139e-76
9.452498944014007381836325577498953957746799212175636337553559662987673 11.45249894401400738183632557749895395774679921217563633755355966298767 6.567257979326095758370417124644726198816633209152632280973113422430315e-74
11.45249894401400738183632557749895395774679921217563633755355966298767 10.45249894401400738183632557749895395774679921217563633755355966298767 6.616023587520568421882386754170817770147968428883092878847746884667657e-74
12.45249894401400738183632557749895395774679921217563633755355966298767 9.452498944014007381836325577498953957746799212175636337553559662987673 7.268047870381021916171119039213234405573794034425398380778041576268568e-74
4.452498944014007381836325577498953957746799212175636337553559662987673 10.45249894401400738183632557749895395774679921217563633755355966298767 2.972491374305440678832784751766938084660212872965238440381004453461698e-74
5.452498944014007381836325577498953957746799212175636337553559662987673 9.452498944014007381836325577498953957746799212175636337553559662987673 3.890495304185415614122207643019791777310977424533073152133052165029401e-74
3.5 1.5 -2.372168798766699323849238916847230303834036212016151541659823537849006e-74
7.452498944014007381836325577498953957746799212175636337553559662987673 9.452498944014007381836325577498953957746799212175636337553559662987673 3.839983409573309492058476831123559975262398646564918995762139112532415e-74
8.452498944014007381836325577498953957746799212175636337553559662987673 9.452498944014007381836325577498953957746799212175636337553559662987673 4.626569211997764372566025970052807811109807634212961581282510657876254e-74
9.452498944014007381836325577498953957746799212175636337553559662987673 10.45249894401400738183632557749895395774679921217563633755355966298767 6.963110786822500581662382186422659111455680885857041881178734324727364e-74
5.452498944014007381836325577498953957746799212175636337553559662987673 11.45249894401400738183632557749895395774679921217563633755355966298767 1.548192953190080593761123371993902255933474143401371421268075980753679e-81
10.45249894401400738183632557749895395774679921217563633755355966298767 10.45249894401400738183632557749895395774679921217563633755355966298767 6.39929028927268600609624154214189848261096347912125170241767653452782e-74
11.45249894401400738183632557749895395774679921217563633755355966298767 9.452498944014007381836325577498953957746799212175636337553559662987673 6.995325342115336249512466106650815670006038400508280309012701545024492e-74
5.452498944014007381836325577498953957746799212175636337553559662987673 8.452498944014007381836325577498953957746799212175636337553559662987673 6.597510298305205900412513889809415447187865898595919628279797246220721e-74
6.452498944014007381836325577498953957746799212175636337553559662987673 8.452498944014007381836325577498953957746799212175636337553559662987673 6.597491943103779601932275199324879059628660857859579992693506251798936e-74
8.452498944014007381836325577498953957746799212175636337553559662987673 8.452498944014007381836325577498953957746799212175636337553559662987673 4.498647828432789624536462544953709225739944855748971403476767115433289e-74
7.452498944014007381836325577498953957746799212175636337553559662987673 8.452498944014007381836325577498953957746799212175636337553559662987673 4.73915580140563962308752087296471843184240623318901346682036080982257e-74
7.452498944014007381836325577498953957746799212175636337553559662987673 12.45249894401400738183632557749895395774679921217563633755355966298767 6.775576040554074889105770805924903594250367344866927253986712972956148e-74
10.45249894401400738183632557749895395774679921217563633755355966298767 8.452498944014007381836325577498953957746799212175636337553559662987673 4.693660974114750679373951463807602585018480994905956388593285200040853e-74
10.45249894401400738183632557749895395774679921217563633755355966298767 7.452498944014007381836325577498953957746799212175636337553559662987673 5.744250003098853567101122273628071401994826187090821795028870582145845e-74
11.45249894401400738183632557749895395774679921217563633755355966298767 8.452498944014007381836325577498953957746799212175636337553559662987673 5.349917519033120615922029656011253114976812748267382485716712731898501e-74
5.452498944014007381836325577498953957746799212175636337553559662987673 7.452498944014007381836325577498953957746799212175636337553559662987673 7.007183864874576741469285459566963809204439491586646465729423387050394e-74
6.452498944014007381836325577498953957746799212175636337553559662987673 7.452498944014007381836325577498953957746799212175636337553559662987673 7.067405356950296544644038188065504213372147036546015918079594854798846e-74
7.452498944014007381836325577498953957746799212175636337553559662987673 7.452498944014007381836325577498953957746799212175636337553559662987673 8.350596677067755695969665374168953246010233801433322885957803276175682e-74
8.452498944014007381836325577498953957746799212175636337553559662987673 7.452498944014007381836325577498953957746799212175636337553559662987673 7.978543187844283256077850965291358598619791889592893198207830066529648e-74
9.452498944014007381836325577498953957746799212175636337553559662987673 8.452498944014007381836325577498953957746799212175636337553559662987673 5.641294909455419099612562299026814407565920766536374936955078003551986e-74
11.45249894401400738183632557749895395774679921217563633755355966298767 6.452498944014007381836325577498953957746799212175636337553559662987673 5.653638343847104452620296900788751988837794693678905214993619287406364e-74
11.45249894401400738183632557749895395774679921217563633755355966298767 7.452498944014007381836325577498953957746799212175636337553559662987673 5.263234057153153569312310459410711734016738787341837453440938882546837e-74
12.45249894401400738183632557749895395774679921217563633755355966298767 8.452498944014007381836325577498953957746799212175636337553559662987673 7.647349624975789743629524602144396991488572844833360757217810158920292e-74
5.452498944014007381836325577498953957746799212175636337553559662987673 6.452498944014007381836325577498953957746799212175636337553559662987673 7.105698964317652581207483169789399667756845642917165016126282306451813e-74
6.452498944014007381836325577498953957746799212175636337553559662987673 6.452498944014007381836325577498953957746799212175636337553559662987673 8.914589679453323868686332721051951459047122216737501460193323202718977e-74
8.452498944014007381836325577498953957746799212175636337553559662987673 6.452498944014007381836325577498953957746799212175636337553559662987673 1.235730687440197264374502232790120462391422441107648525538790108693191e-73
9.452498944014007381836325577498953957746799212175636337553559662987673 5.452498944014007381836325577498953957746799212175636337553559662987673 1.270404072192184082966887774565686420592464677112699022331543825122323e-73
9.452498944014007381836325577498953957746799212175636337553559662987673 7.452498944014007381836325577498953957746799212175636337553559662987673 9.342155829172711589285278733329034619486924478569871030171937183897474e-74
10.45249894401400738183632557749895395774679921217563633755355966298767 6.452498944014007381836325577498953957746799212175636337553559662987673 8.17023626552673099182071316975138565037246772692900473043218149548723e-74
12.45249894401400738183632557749895395774679921217563633755355966298767 6.452498944014007381836325577498953957746799212175636337553559662987673 1.536782301869532368313640108588873901937986010090151502521304522615708e-73
12.45249894401400738183632557749895395774679921217563633755355966298767 7.452498944014007381836325577498953957746799212175636337553559662987673 6.032636033755737905947973417120711683331961630579956124587511591746836e-74
6.408366703267830451426373430892045256309533210452969054993451323541059 5.452498944014007381836325577498953957746799212175636337553559662987673 5.314432182836701228016034831090867861004108510342902957647408542588082e-74
5.313010037472523 5.448532484604454 -0.3226315811645
7.452498944014007381836325577498953957746799212175636337553559662987673 6.452498944014007381836325577498953957746799212175636337553559662987673 9.132366731609990185647442207138215524478960844739463172646890345663739e-74
8.452498944014007381836325577498953957746799212175636337553559662987673 5.452498944014007381836325577498953957746799212175636337553559662987673 1.329586815625453943068846188695303693272555465640316451849611742019173e-73
9.452498944014007381836325577498953957746799212175636337553559662987673 6.452498944014007381836325577498953957746799212175636337553559662987673 7.092577137366112001667523539631361756384917013910268633656727917948601e-74
9.452498944014007381836325577498953957746799212175636337553559662987673 4.452498944014007381836325577498953957746799212175636337553559662987673 2.43501968693518483997879934757051038437960752763931666813892789259997e-73
12.45249894401400738183632557749895395774679921217563633755355966298767 5.452498944014007381836325577498953957746799212175636337553559662987673 1.265223922299783172799280678898883242728978566189225390407288058089812e-73
11.45249894401400738183632557749895395774679921217563633755355966298767 5.452498944014007381836325577498953957746799212175636337553559662987673 3.957032395081341160411972973243450963792844899045554414353753853091684e-74
10.45249894401400738183632557749895395774679921217563633755355966298767 5.452498944014007381836325577498953957746799212175636337553559662987673 1.507251743090124313157476226663439969459379455014615102621520250911578e-73
10.45249894401400738183632557749895395774679921217563633755355966298767 4.452498944014007381836325577498953957746799212175636337553559662987673 1.878417580696833586192158700161988617043287481257301605464873602487086e-73
11.45249894401400738183632557749895395774679921217563633755355966298767 4.452498944014007381836325577498953957746799212175636337553559662987673 1.906713356776183165990985542350559537683699636569901555313509577686653e-73
12.45249894401400738183632557749895395774679921217563633755355966298767 4.452498944014007381836325577498953957746799212175636337553559662987673 2.060239477689312826477987425362989846515209313792412327981794486014319e-73
11.45249894401400738183632557749895395774679921217563633755355966298767 3.452498944014007381836325577498953957746799212175636337553559662987673 -2.928541833048131893702021538603462721665717320259689616284563556444261e-79
12.45249894401400738183632557749895395774679921217563633755355966298767 3.452498944014007381836325577498953957746799212175636337553559662987673 -2.436739978850818383137318622217272437658536250645370490861132049459206e-79
12.45249894401400738183632557749895395774679921217563633755355966298767 2.452498944014007381836325577498953957746799212175636337553559662987673 -4.595139609820096481026613635483709767163267375975612550406591715672146e-79
3.25916630229093746516299210539028594677084300583379248272697467660889 5.427589900389216378901070483297387582805282016468768678265546485560587 -31.28270751626802416034917874313407590489657429738972706358715460225604
2.5 4.5 7.826378444782293667266475251179452499650679705534432381453059126939958e-75
1.5 5.5 1.347439583756820110921039978086741573435201770095015872655305994514345e-74
4.452498944014007381836325577498953957746799212175636337553559662987673 9.452498944014007381836325577498953957746799212175636337553559662987673 2.976875668706424307513718471419640997615683102973220817527627641479892e-74
4.452498944014007381836325577498953957746799212175636337553559662987673 8.383612285944218783939100199057422678835349111207767186057453061812325 5.967173405507625876154048643150791210653927998399372576908427029689917e-74
4.273066842936199932847950079880205798285842613817917554753360975866837 6.005314280629443576866182891206518627286843090930158960827445572613596 -28.91714462628477409794638064211863705559915586685763674080796445903398
4.122628887399803979725478874583421345582569220948246225668817861322377 4.92288934948798818028959004958470323059982901497592338284101594409574 -31.28270751626802416034917874313407590489657429738972706358715460225604
0.6692124817842871880771993993790109051020336392885695530907453453647803 11.16277784280980109582398159464340666086145305777812980861020320263416 26.15739595868815059927111570859324980816549924600107775699601354755122
1.53901767454482395407319552684525754984569178409599361362971671861585 11.66018142808895326213080634105699997530469138668019274673001983116442 26.15739595868815059927111570859324980816549924600107775699601354755122
1.522138176941556558859544331406195802315816611424607081384948273443355 10.46456063928725406328199906695368596405501242496513927554504076743743 25.84568230711394363655021158615204234862539283301698493906645214518002
2.392264394513291869066922890877320945500584199856207433593139100930334 10.9621218919603926313264269746403682949479380393250850153006949911672 25.84568230711394363655021158615204234862539283301698493906645214518002
2.412474873477306563127569012852470492855047833215113642279634587739506 9.784722104518520179588682399567953431114333952511707350281660962391693 26.49111309141414598699025322979243200025193955559430081684846447207319
3.281967665548198012928981348030161655181303919379008958533932845285381 10.28196766554819801292898134803016165518130391937900895853393284528538 26.49111309141414598699025322979243200025193955559430081684846447207319
3.306965602276143420687719011296973360813568904058318115284023552334479 9.113172895010069272205919086805078130556833024101218313396415144489219 27.29203734520787878849673363444528713237895458365852674731622609590638
0.6679601318673576690850568780923085173356115019859058374180095434659302 9.93407602364002708133690603364794673901706438842541657838009332555655 25.84568230711394363655021158615204234862539283301698493906645214518002
0.6705312784658093689073442294687923025654952927966273790196268177022918 8.796166139614768493538314581071313761478453153465227540155163897217595 26.49111309141414598699025322979243200025193955559430081684846447207319
1.559299076964022681007452120291384122867077229665223179366244731043241 9.254736997487428638197130374498808549543548871697793282484706605719003 26.49111309141414598699025322979243200025193955559430081684846447207319
0.6732848292123313198970958543159457118649578365043873754314729115617931 7.673284829212331319897095854315945711864957836504387375431472911561793 27.20733814813056338705951318707487135513167064853605283404607083912045
1.566186873441432833065837138641820663456568451200566730331945015578069 8.125217957374518003329435099174240682145782951477016659219968946111547 27.29203734520787878849673363444528713237895458365852674731622609590638
2.454867838127213160070213811737705622679913148213703993496196086101526 8.583744012255972759839054798111140598607989005303422927115244072069921 27.29203734520787878849673363444528713237895458365852674731622609590638
1.56339753069476943535659510236893246630193333088329839199212772738327 6.998515545469732991667195777279451052318656858853129634972368860997667 27.29203734520787878849673363444528713237895458365852674731622609590638
2.452078495380549762360971775464817425525278027896435655156378797906726 7.457041600351187748176815476216350968780862912679535902867643986956041 27.29203734520787878849673363444528713237895458365852674731622609590638
3.356573447007486197908208580119060023200352356906992775570238274209572 7.923304733766894384358211999154969529873220487959453305030223625494972 29.34625181590171045315732835932017183173522413643336190247482185409669
2.404194065785457065931493929216321702344871881326248626197901144768474 6.307071814564418071916068066349392016724900961104183836142617113956277 27.29203734520787878849673363444528713237895458365852674731622609590638
3.334504466968264115172354864732847666682160434150943867012995108668558 6.763678797725874352795590064055133270949399927903997688800930505054925 29.34625181590171045315732835932017183173522413643336190247482185409669
11.69993490816414360958321875527695860314588935108311969500149280409483 1.519750037256417088922312936546433247933198636124033745426999460351957 -33.99493511548084377485782925420940565844393540592746230034455801114224
2.5 3.5 9.274833933013485306132165854557734459568099386713900543237193543703658e-75
3.686938395509798684485152379035790988788585365161881015938407133339 4.01749651316305190076787845444257254807515051864333124706047513528989 -31.28270751626802416034917874313407590489657429738972706358715460225604
3.5 2.5 4.087840766690810575290431367656734119937679148451644662050433892372219e-74
4.434062949491870658045786365395157450657648298478362965273504482677646 3.321323358104549812697705528693991861812842930945823003107629882043772 -31.28270751626802416034917874313407590489657429738972706358715460225604
4.949369797910024584401728898683330685436948799426414011166215049691555 4.24615002896370979010732435589127428248734848475640683973074169663275 -24.18489240793433226869422315670128776255517412566628254179398106520533
4.5 1.5 -5.421358484716551067908994300922787673313057366075588980600547985005186e-81
5.114542016014364988091759666622772861295249418546796375709911627309896 2.515463070509753195559688679343416349941238724613013881739784514514255 -31.28270751626802416034917874313407590489657429738972706358715460225604
5.674226392986444685167749641858657353306129853552079605394283886370526 3.413326122625857082000190730205406351502164778359683358884706578784088 -24.18489240793433226869422315670128776255517412566628254179398106520533
6.081694018667260045934650443087179773662830992531698963126582660578238 4.32654900297799357870487651555469752029241448916057454273010116537435 -24.18489240793433226869422315670128776255517412566628254179398106520533
11.06150930865510258546105653941312178633460756710230165466754248186603 0.6705144878901383437336112275261400961157262363415907760424693133371107 -26.48682783326143030150476670141883316541610975635248227380955944038115
5.816147994043189146317654237152075947590235539573730580740750956542956 1.628039499570376465299118727320557514094999584460779513007015695925004 -23.85950661616771337385019368914144609453785338846672438904444272895985
6.356876558235567688201887704878876583230516819717716154027627209257083 2.482324456455384004577051022306069298056642023614023000988548298342227 -23.85950661616771337385019368914144609453785338846672438904444272895985
6.763141251547891097894215199126596672371649037487071249329832345268797 3.39608194178035345599230539775207819943109751963822964129964130322318 -23.85950661616771337385019368914144609453785338846672438904444272895985
7.170609822583485387922944989106282227817243455925054809506391410204749 4.309306959523757218426434802899755948191411269013982469956817471061951 -23.85950661616771337385019368914144609453785338846672438904444272895985
6.5850524735174366999286164322934828885749882306861941578780987101777 0.5003487118061377650358259694370057165284826091351814459035716182817832 -0.03997337681206927669470890607094534709898751885313225347201843869489623
7.045550712020574980881049448837876604231071741255264394977995100479702 1.564360591026294332058115396139688498976672989671979607663817051636031 -23.8619434020461656499602735425886391270479680183564228361413330322364
7.450777571047734453653017348513229728368330391361489425191171117951158 2.478577067750263837569152430781196515519237683579318692968637165995309 -23.8619434020461656499602735425886391270479680183564228361413330322364
7.858246086515239807218341748216234210821084627695345534231218961502673 3.391801959871946412675700753498094072827730171342531033312412205644428 -23.8619434020461656499602735425886391270479680183564228361413330322364
7.744243810281242663659430981860549503583658196881798871851850545691359 0.6592587360296242185495507534901389473516428515763046686248937270848202 -23.80140134899267940430541115588024756445036698774876475321247233475663
8.145004409034373311765738164989739512696134999989686664475342238494629 1.576023818874421697653176987077574889172058807351099171670293240799714 -23.8619434020461656499602735425886391270479680183564228361413330322364
8.552472924501878665331062564692743995148889236323542773515390082046144 2.489248710996104272759725309794472446480551295114311512014068280448833 -23.8619434020461656499602735425886391270479680183564228361413330322364
8.836849700213153222536907014048027708719109327311533508396775112106057 0.6572593977306131608077840429488415339352348857784780118253749685074273 -23.35780853409314728224567507737073461402261515833791131793147695145073
9.244345296344770398364490568712623912708590558111386056501931072013135 1.570545510594303127275224980424232917806435527145929162355097214270951 -23.35780853409314728224567507737073461402261515833791131793147695145073
9.679202773746534585372001822889297604962300927931638258423392141717626 2.472014994342142736971256236196091643631063982186222572729453015001394 -23.35780853409314728224567507737073461402261515833791131793147695145073
10.29523954628339422102854153455011242381156432639715832572818469448025 3.295239546283394221028541534550112423811564326397158325728184694480246 -23.35780853409314728224567507737073461402261515833791131793147695145073
9.940362738585282094991697642916072856070248626234797839675373523636867 0.66283178406359055289026126080956387631910858567555599090135997239819 -24.61705378508573547093592126513915324710536321450524788426242272498977
10.37588937488275868970820359704174184647490773184136366807199443824047 1.566365207813325089683082782977721927484961184044274759542366724316449 -24.95382020621984138524789529200107265431066181065152635171204344216752
10.9892795207186365255985444294753365503662754283290646051498905245219 2.383902086463901397931129125267548722482299985704628592756138239734123 -24.95382020621984138524789529200107265431066181065152635171204344216752
7.452498944014007381836325577498953957746799212175636337553559662987673 5.452498944014007381836325577498953957746799212175636337553559662987673 6.392091310997320217997550671662056441048368062144414000697676042421599e-74
8.987197236014093938844982987590560514721995953186734407858804200260085 3.390417149151612940816286727410429104047012468330317647276289154521019 -23.8619434020461656499602735425886391270479680183564228361413330322364
12.45249894401400738183632557749895395774679921217563633755355966298767 0.5 7.315401631380044310844143409153282281480902276710155052356764706900671e-79
5.5 0.5 5.047157931593010058607809321048584985629717867550267804612339881887467e-80
