155 12.952498944016783
0.5000000000002052 12.452498944016622 2.497e-12
0.5000000000001243 6.50000000000144 1.113e-12
0.5000000000001146 5.500000000001227 1.032e-12
0.5000000000001101 4.500000000001009 5.76e-13
1.5000000000003313 4.500000000000973 2.12e-13
0.5000000000001128 3.5000000000007883 9.15e-13
1.5000000000003375 3.500000000000755 8.59e-13
0.5000000000001243 2.500000000000566 1.562e-12
1.5000000000006999 2.5000000000005413 9.63e-13
2.5000000000010583 2.5000000000006004 5.7e-14
0.5000000000001865 1.5000000000003464 1.604e-12
1.5000000000007123 1.5000000000003286 1.077e-12
2.5000000000014726 1.5000000000003695 89.99999999999993
6.4524989440152964 9.452498944015979 7.319e-12
0.5000000000001039 0.5000000000001128 1.11e-13
1.5000000000003135 0.5000000000001075 1.68e-13
2.5000000000005222 0.500000000000111 1.6e-13
3.500000000000731 0.500000000000119 1.39e-13
4.50000000000094 0.5000000000001288 4.7e-14
2.45249894401445 12.452498944016648 5.03e-13
3.452498944014706 12.452498944016673 1.09e-12
4.452498944014961 12.452498944016666 1.411e-12
5.452498944015185 12.452498944016664 1.276e-12
6.452498944015404 12.45249894401667 1.181e-12
9.452498944016048 9.452498944016053 7.49e-13
8.452498944015833 12.452498944016671 1.047e-12
9.452498944016048 12.452498944016677 4.64e-13
10.45249894401626 12.452498944016678 3.85e-13
11.452498944016469 12.45249894401666 2.29e-13
12.452498944016677 11.452498944016384 3.18e-13
3.452498944014765 11.452498944016451 2.793e-12
4.452498944014721 7.1847463817089485 1.71e-13
10.452498944016256 9.45249894401605 1.099e-12
6.452498944015388 11.452498944016444 2.859e-12
7.452498944015597 11.452498944016451 2.694e-12
8.452498944015806 11.45249894401644 2.396e-12
10.452498944016249 11.452498944016465 1.088e-12
8.292970398029194 4.292970398028296 66.13805659795165
12.452498944016678 10.45249894401608 3.47e-13
12.45249894401668 12.452498944016662 9.5e-14
4.452498944014971 11.452498944016433 2.899e-12
5.4524989440151606 10.45249894401616 6.681e-12
11.452498944016465 11.45249894401637 7.61e-13
6.452498944015371 10.452498944016202 6.11e-12
7.452498944015601 10.452498944016241 3.204e-12
8.45249894401581 10.452498944016218 2.879e-12
9.452498944016032 11.452498944016469 7.87e-13
11.452498944016469 10.452498944016115 7.31e-13
12.452498944016677 9.452498944015828 5.18e-13
4.452498944014952 10.45249894401618 7.123e-12
5.452498944015079 9.452498944015916 8.017e-12
3.5000000000018976 1.5000000000004619 89.99999999999636
7.452498944015543 9.452498944016035 3.237e-12
8.452498944015758 9.452498944016002 3.113e-12
9.452498944016043 10.452498944016261 7.87e-13
5.45249894401518 11.452498944016419 2.925e-12
10.452498944016254 10.452498944016257 1.126e-12
11.452498944016465 9.45249894401588 1.026e-12
5.452498944014782 8.452498944015652 1.1237e-11
6.452498944015058 8.45249894401576 7.782e-12
8.45249894401567 8.452498944015783 3.958e-12
7.452498944015392 8.45249894401583 3.211e-12
7.452498944015619 12.452498944016673 1.116e-12
10.452498944016224 8.452498944015844 1.104e-12
10.452498944016206 7.4524989440156375 1.034e-12
11.452498944016448 8.452498944015641 1.844e-12
5.452498944014973 7.452498944015363 7.344e-12
6.4524989440152005 7.452498944015538 8.184e-12
7.452498944015472 7.452498944015622 3.155e-12
8.452498944015716 7.452498944015569 4.118e-12
9.452498944016007 8.452498944015845 8.6e-13
11.452498944016444 6.452498944015119 9.27e-13
11.45249894401644 7.4524989440153915 2.528e-12
12.452498944016671 8.452498944015591 8.13e-13
5.452498944015045 6.4524989440150495 1.2179e-11
6.452498944015259 6.452498944015291 1.2021e-11
8.452498944015773 6.452498944015357 4.09e-12
9.452498944016 5.452498944015188 1.354e-12
9.452498944015968 7.452498944015629 1.578e-12
10.452498944016229 6.4524989440154314 7.97e-13
12.452498944016671 6.452498944015135 2.27e-13
12.45249894401667 7.452498944015361 1.06e-12
6.408366703270164 5.452498944014908 3.768e-12
5.313010037472523 5.448532484604454 89.6773684188355
7.452498944015549 6.452498944015416 3.069e-12
8.452498944015788 5.452498944015116 1.616e-12
9.452498944016003 6.4524989440154155 2.067e-12
9.452498944016021 4.452498944014957 89.99999999999889
12.452498944016677 5.452498944014907 89.99999999999979
11.452498944016451 5.4524989440148595 5.05e-13
10.452498944016224 5.452498944015223 4.2e-13
10.452498944016233 4.452498944015007 89.99999999999908
11.452498944016451 4.452498944014618 89.99999999999882
12.452498944016673 4.452498944014675 89.9999999999992
11.452498944016458 3.452498944014394 89.99999999999865
12.452498944016675 3.452498944014433 89.99999999999935
12.452498944016654 2.452498944014181 89.99999999999736
3.2591663022922743 5.427589900390133 58.71729248381627
2.5000000000005964 4.500000000001078 89.99999999999777
1.5000000000003357 5.500000000001204 1.862e-12
4.452498944014865 9.452498944015954 8.157e-12
4.452498944014534 8.383612285948121 1.3701e-11
4.273066842936892 6.005314280630741 61.082855373671265
4.122628887401611 4.922889349489313 58.717292483817175
0.6692124817836094 11.162777842812435 26.157395958482216
1.5390176745454314 11.660181428090024 26.157395958483537
1.5221381769411098 10.464560639290621 25.84568230719056
2.39226439451382 10.962121891962013 25.845682307190454
2.4124748734769046 9.784722104522368 26.491113091436617
3.2819676655488643 10.281967665550315 26.491113091436482
3.3069656022758718 9.113172895013921 27.292037345196967
0.6679601318678046 9.934076023641397 25.845682307190604
0.6705312784660338 8.796166139616531 26.49111309143669
1.5592990769644262 9.254736997489282 26.491113091436702
0.6732848292124007 7.673284829213946 27.207338148111923
1.5661868734417288 8.125217957376302 27.292037345197475
2.454867838127699 8.583744012257853 27.292037345197798
1.563397530695033 6.998515545471361 27.292037345197063
2.4520784953811052 7.457041600352767 27.292037345197432
3.3565734470086257 7.923304733768786 29.346251815942484
2.4041940657859673 6.307071814565835 27.29203734519916
3.334504466968795 6.763678797726684 29.346251815938466
11.6999349081662 1.5197500372567223 56.00506488458948
2.500000000000554 3.500000000000834 7.37e-13
3.6869383955103463 4.017496513165055 58.71729248381658
3.500000000001381 2.50000000000074 89.99999999999339
4.434062949492812 3.3213233581062025 58.717292483815854
4.949369797910511 4.246150028964413 65.81510759198638
4.500000000002267 1.5000000000004459 1.852e-12
5.114542016015749 2.5154630705107817 58.71729248381595
5.674226392986595 3.4133261226264566 65.81510759198062
6.081694018668643 4.3265490029783695 65.81510759198633
11.061509308657257 0.6705144878900056 63.51317216680912
5.816147994044341 1.6280394995707805 66.14049338382695
6.356876558235983 2.482324456456323 66.1404933838269
6.763141251549464 3.396081941781005 66.1404933838269
7.170609822585968 4.309306959524235 66.14049338382735
6.585052473518685 0.5003487118061338 89.96002662320032
7.045550712020905 1.5643605910270404 66.13805659795081
7.45077757104937 2.4785770677506718 66.13805659795024
7.85824608651785 3.3918019598721627 66.1380565979508
7.744243810282702 0.6592587360297069 66.19859865101935
8.145004409036158 1.576023818874737 66.13805659795017
8.552472924504714 2.489248710996186 66.13805659795031
8.836849700214797 0.6572593977309209 66.64219146586866
9.244345296347522 1.5705455105943464 66.64219146586863
9.679202773748477 2.4720149943427288 66.64219146586863
10.295239546285432 3.2952395462839896 66.64219146586872
9.940362738588124 0.6628317840641351 65.38294621482004
10.375889374884522 1.5663652078135195 65.0461797938004
10.989279520720519 2.383902086464378 65.04617979379775
7.452498944015572 5.452498944015206 2.498e-12
8.987197236016103 3.3904171491522894 66.13805659795055
12.452498944016671 0.5000000000001164 89.99999999999976
5.500000000001149 0.500000000000103 89.99999999999993
