132 11.98709933224506322705987188411162492016837845557216091808461629225854
0.5 11.48709933224506322705987188411162492016837845557216091808461629225854 -4.231381399729100846219282642040470211755940589581253390356381653066895e-79
11.48709933224506322705987188411162492016837845557216091808461629225854 0.5 1.519638221061330346154962003503876488273745341604209642479856632156553e-79
0.5004817264742565 5.507869939266425 0.009361096546284
0.5 4.506464471893900999999837404887464294817749347637657448037869912310113 1.58034715436678066592842333250839435961661704292479364301677380276632e-80
1.5 4.5 1.92148285394823550437243032003726269703423163161267655846174460347552e-80
0.5 3.505178723764368299999999215632446378612077778393668275761912889754743 -3.285271634193506395317996113492650209984906136858400597178992061827748e-81
1.5 3.5 -4.931096961830486758820905985707530061464136555125871409488919054777997e-81
0.5 2.503921359031991300000009990790835957759970286256633433793688839828106 4.176629759872194749330689752280148284553591182613735484996856852841741e-80
2.5 2.5 7.503862492621853517178508929731108918041300934947994325397911413693673e-80
0.5 1.502592040457525300000000132276196426945505926662509760115645135186766 2.118644603771273420269822739575609666963001131004408184730910776426436e-80
1.5 1.5 -1.420730573369042614456555382467313815197155427408606713221660330954448e-80
3.5 1.5 -2.125248098508008490857850913997545060807394525475756011405739224382969e-80
0.5 0.5008627666514184999999933717428554075689310949765245426977281603114271 -8.78704344795532665351679871960232542566358960020640736981954890358805e-81
1.5 0.5 -2.514294300641520646884837172598460002984475018107471629053909523535244e-81
2.5 0.5 2.526084854191150433854487204475570633719426293751712680554440045498158e-80
3.5 0.5 -2.103557166105972006594544731265536457980265796009493903552588934767462e-80
2.487099332245063227059871884111624920168378455572160918084616292258541 11.48709933224506322705987188411162492016837845557216091808461629225854 8.835039852441374656999105412657158769754647618314364694836621339057224e-79
3.487099332245063227059871884111624920168378455572160918084616292258541 11.48709933224506322705987188411162492016837845557216091808461629225854 8.978665067904817454296374817648604097631902844142715577202723698282477e-79
4.487099332245063227059871884111624920168378455572160918084616292258541 11.48709933224506322705987188411162492016837845557216091808461629225854 8.845572853341692039308823617123429035655635539685266757815784790183965e-79
5.487099332245063227059871884111624920168378455572160918084616292258541 11.48709933224506322705987188411162492016837845557216091808461629225854 -7.094185743803096612172243359158342666870299257002089489121853543029089e-72
6.487099332245063227059871884111624920168378455572160918084616292258541 11.48709933224506322705987188411162492016837845557216091808461629225854 -7.094102088601440373076044128244423724482452888215261336710298000023266e-72
7.487099332245063227059871884111624920168378455572160918084616292258541 11.48709933224506322705987188411162492016837845557216091808461629225854 -7.092518672898768868699400664541812396148407484629006910803445779959318e-72
8.487099332245063227059871884111624920168378455572160918084616292258541 11.48709933224506322705987188411162492016837845557216091808461629225854 -7.093391301305897510164536635237057641331096895924188221083099163020854e-72
9.487099332245063227059871884111624920168378455572160918084616292258541 11.48709933224506322705987188411162492016837845557216091808461629225854 -7.091445075474655919776461328399010320866080713527030006060716878540591e-72
10.48709933224506322705987188411162492016837845557216091808461629225854 11.48709933224506322705987188411162492016837845557216091808461629225854 -3.041579356425989012086048921359855941069758643086941954397659578027775e-72
11.48709933224506322705987188411162492016837845557216091808461629225854 11.48709933224506322705987188411162492016837845557216091808461629225854 -1.617800947884704879112639126129189995757540933410650393866074933878686e-75
3.487099332245063227059871884111624920168378455572160918084616292258541 10.48709933224506322705987188411162492016837845557216091808461629225854 2.916411685026511648390015757464011420934665916617522921249965681667142e-79
4.487099332245063227059871884111624920168378455572160918084616292258541 10.48709933224506322705987188411162492016837845557216091808461629225854 -3.548707916815326244325372492318219661037270098127806162385319822512077e-72
5.487099332245063227059871884111624920168378455572160918084616292258541 10.48709933224506322705987188411162492016837845557216091808461629225854 -3.545294139585690714613194461638050929266378161056741934702462475447151e-72
6.487099332245063227059871884111624920168378455572160918084616292258541 10.48709933224506322705987188411162492016837845557216091808461629225854 -7.091725828137023227752077536514740963627950283822026769577825451564178e-72
7.487099332245063227059871884111624920168378455572160918084616292258541 10.48709933224506322705987188411162492016837845557216091808461629225854 -7.090658348443331424340789014916929636596516119494458129346488769002913e-72
8.487099332245063227059871884111624920168378455572160918084616292258541 10.48709933224506322705987188411162492016837845557216091808461629225854 -3.036148204223442519301172018614319141832640798806886037160981399933235e-72
9.487099332245063227059871884111624920168378455572160918084616292258541 10.48709933224506322705987188411162492016837845557216091808461629225854 -3.035865578432942979306134844009398917013804374518117149694332294985672e-72
10.48709933224506322705987188411162492016837845557216091808461629225854 10.48709933224506322705987188411162492016837845557216091808461629225854 -3.037307791691568501480291062289293715682062843583930949558960413263506e-72
11.48709933224506322705987188411162492016837845557216091808461629225854 10.48709933224506322705987188411162492016837845557216091808461629225854 3.956378199912148729292280625721148925932281592249580133340988681615758e-79
4.487099332245063227059871884111624920168378455572160918084616292258541 9.487099332245063227059871884111624920168378455572160918084616292258541 2.647648010989047786731155410410486412458238578669618461287141794621735e-71
5.487099332245063227059871884111624920168378455572160918084616292258541 9.487099332245063227059871884111624920168378455572160918084616292258541 2.647685933462548618740370290517817403206630254119647248362304279194779e-71
6.487099332245063227059871884111624920168378455572160918084616292258541 9.487099332245063227059871884111624920168378455572160918084616292258541 -7.092889160825074708453064595678330377868028791333997100334795504457214e-72
7.487099332245063227059871884111624920168378455572160918084616292258541 9.487099332245063227059871884111624920168378455572160918084616292258541 -4.051534185854503280306452058734322309861166500227744257283154824779563e-72
8.487099332245063227059871884111624920168378455572160918084616292258541 9.487099332245063227059871884111624920168378455572160918084616292258541 -4.053948331317468643327888318595063366788040012111489893827985249675248e-72
9.487099332245063227059871884111624920168378455572160918084616292258541 9.487099332245063227059871884111624920168378455572160918084616292258541 -4.047493212814352095641123729953505851809477162759041558609272463312078e-72
10.48709933224506322705987188411162492016837845557216091808461629225854 9.487099332245063227059871884111624920168378455572160918084616292258541 -4.046277601319733550277918513538737624796454009873983968469915211887485e-72
11.48709933224506322705987188411162492016837845557216091808461629225854 9.487099332245063227059871884111624920168378455572160918084616292258541 3.166962525132741258355492768169197973206790007046070176075016944610243e-79
4.48274317677393400000000046733891587859490166500465844352402533478877 8.487099332245063227059871884111624920168378455572160918084616292258541 1.596279498239066006192363479931283179268897312593831388121293671675167e-71
5.483427775888396999999999464468955305986638865199601801485795875717362 8.487099332245063227059871884111624920168378455572160918084616292258541 2.723782134353792454232568963554807003636710874810639127996720456429205e-71
6.484176146469588000000719215757747767223151151472427098193354561179597 8.487099332245063227059871884111624920168378455572160918084616292258541 -3.545845399415820359823854191522836092181346341547090298399570990393981e-72
7.485105078916805999999903883340783698066951532099524449835079930981214 8.487099332245063227059871884111624920168378455572160918084616292258541 -1.925131990409166582059807380300719032043074870084900056725226744852119e-71
8.487099332245063227059871884111624920168378455572160918084616292258541 8.487099332245063227059871884111624920168378455572160918084616292258541 -4.051826148298367335792621831258759087938165987780223684695713772784127e-72
9.487099332245063227059871884111624920168378455572160918084616292258541 8.487099332245063227059871884111624920168378455572160918084616292258541 -3.037589912096899927184239437142520593916695562237886990616405344412677e-72
10.48709933224506322705987188411162492016837845557216091808461629225854 8.487099332245063227059871884111624920168378455572160918084616292258541 -3.038374403350455045256083833907004171500425676167799218288625407240394e-72
11.48709933224506322705987188411162492016837845557216091808461629225854 8.487099332245063227059871884111624920168378455572160918084616292258541 1.235274569964225076321158548724612499166536260407299878029390783029138e-75
5.487099332245063227059871884111624920168378455572160918084616292258541 7.487099332245063227059871884111624920168378455572160918084616292258541 1.621612107545104793433387270560946893953410726904961870777465875703367e-71
6.487099332245063227059871884111624920168378455572160918084616292258541 7.487099332245063227059871884111624920168378455572160918084616292258541 -1.696968475921464722636458821092304859537337636452140972237679268883949e-71
7.487099332245063227059871884111624920168378455572160918084616292258541 7.487099332245063227059871884111624920168378455572160918084616292258541 -1.67191798487937834367600337173406050880218562449395500386484748811802e-71
8.487099332245063227059871884111624920168378455572160918084616292258541 7.487099332245063227059871884111624920168378455572160918084616292258541 -5.319534811978698492590064346975309808403803160090443561835810894423343e-72
9.487099332245063227059871884111624920168378455572160918084616292258541 7.487099332245063227059871884111624920168378455572160918084616292258541 -5.5711137322470995072111090374680337737589487256007246129716812929438e-72
10.48709933224506322705987188411162492016837845557216091808461629225854 7.487099332245063227059871884111624920168378455572160918084616292258541 -3.035776938698084085360969066738997463202737754586522807840491146455846e-72
11.48709933224506322705987188411162492016837845557216091808461629225854 7.487099332245063227059871884111624920168378455572160918084616292258541 3.80042931775177617835206341591390474225228166614075469448851036038765e-71
5.487099332245063227059871884111624920168378455572160918084616292258541 6.487099332245063227059871884111624920168378455572160918084616292258541 1.596515130501178815401278737141174334868112187215893221645662200536485e-71
6.487099332245063227059871884111624920168378455572160918084616292258541 6.487099332245063227059871884111624920168378455572160918084616292258541 1.596409415628198825296581599201355820726067969667069964489302335165319e-71
7.487099332245063227059871884111624920168378455572160918084616292258541 6.487099332245063227059871884111624920168378455572160918084616292258541 1.089684708873449837279514151059147241335863009763977832674800373942657e-71
8.487099332245063227059871884111624920168378455572160918084616292258541 6.487099332245063227059871884111624920168378455572160918084616292258541 -5.571397422348233381246598816506014657625001618206313113793164496947327e-72
9.487099332245063227059871884111624920168378455572160918084616292258541 6.487099332245063227059871884111624920168378455572160918084616292258541 -5.444798203501125658100872936389346835681063663893970209813606056642076e-72
10.48709933224506322705987188411162492016837845557216091808461629225854 6.487099332245063227059871884111624920168378455572160918084616292258541 3.169373204406768313505581575441010617525878003995821145908044539936757e-72
11.48709933224506322705987188411162492016837845557216091808461629225854 6.487099332245063227059871884111624920168378455572160918084616292258541 3.800429608455919291753423619585258795852867699455560069111331690063196e-71
5.485154491989170999999994381332494474314073773141500070153355970631224 5.487099332245063227059871884111624920168378455572160918084616292258541 1.596375841557910521479819102055665809680256584407159222371110027761907e-71
6.487099332245063227059871884111624920168378455572160918084616292258541 5.487099332245063227059871884111624920168378455572160918084616292258541 1.0896140736228060741828208544199166573587347277531115600378534625551e-71
7.487099332245063227059871884111624920168378455572160918084616292258541 5.487099332245063227059871884111624920168378455572160918084616292258541 1.089653772157214109726934383899393582348586474445287327983996819596012e-71
8.487099332245063227059871884111624920168378455572160918084616292258541 5.487099332245063227059871884111624920168378455572160918084616292258541 -5.444166790591868718938396876834474922966434238592633893265511713872332e-72
9.487099332245063227059871884111624920168378455572160918084616292258541 5.487099332245063227059871884111624920168378455572160918084616292258541 2.052319954219875251712061104420007611613574898978303281464214347964328e-71
10.48709933224506322705987188411162492016837845557216091808461629225854 5.487099332245063227059871884111624920168378455572160918084616292258541 6.589535479141672145325318189234386562539145031188692250930810661094995e-72
11.48709933224506322705987188411162492016837845557216091808461629225854 5.487099332245063227059871884111624920168378455572160918084616292258541 3.800543881039141209301067134722903826273991259254568808832176191113164e-71
8.487099332245063227059871884111624920168378455572160918084616292258541 4.487099332245063227059871884111624920168378455572160918084616292258541 6.590771367312499213673351247406833759733939937627975469838405838994784e-72
9.487099332245063227059871884111624920168378455572160918084616292258541 4.487099332245063227059871884111624920168378455572160918084616292258541 6.589866585024225254302939254443938509005083970481161806307852596837153e-72
10.48709933224506322705987188411162492016837845557216091808461629225854 4.487099332245063227059871884111624920168378455572160918084616292258541 6.589997392515865486936864195889060880093903147080780540503066327714305e-72
11.48709933224506322705987188411162492016837845557216091808461629225854 4.487099332245063227059871884111624920168378455572160918084616292258541 3.805351670822456237484068365466538950508865593582372426487784671093863e-72
10.48709933224506322705987188411162492016837845557216091808461629225854 3.487099332245063227059871884111624920168378455572160918084616292258541 7.348966678313439032745552402851273219057780355432094662766289049017729e-72
11.48709933224506322705987188411162492016837845557216091808461629225854 3.487099332245063227059871884111624920168378455572160918084616292258541 7.349265418753357311114594618623620911486507715197654316779910110116969e-72
11.48709933224506322705987188411162492016837845557216091808461629225854 2.487099332245063227059871884111624920168378455572160918084616292258541 7.095238490100808193574808653441126765462936421538703284235397097717409e-72
4.472688924683643000000008574042116786345100517080033887367481701075073 5.487099332245063227059871884111624920168378455572160918084616292258541 4.564063863204159351443806959999523605011200905866379108620684159501864e-72
4.487099332245063227059871884111624920168378455572160918084616292258541 7.487099332245063227059871884111624920168378455572160918084616292258541 1.596413034615009161229962930617937199924343633481597151464095755645299e-71
4.484147477123239000000003392431961502350292139244667088247251268042867 6.487099332245063227059871884111624920168378455572160918084616292258541 4.562301843626444976590368914428028125665962003628761507165676725881326e-72
0.6689957799490149692763812986582197302380616062107932764909603382181165 10.26812924902286332227344776973781371277584320783797120318512011099338 26.10310391198137736608505436117053255201763621225301443649843066697177
1.56699952135441498881670457353261451585930320339010734461688829127009 10.70811706751549324128588709217985838763072482308024368804111283437764 26.10310391198137736608505436117053255201763621225301443649843066697177
1.520283610840559719334422682707863210181730808064258008639344895135965 9.571646934374741570610954389688720398645671834934211859801908063832171 26.10310391198137736608505436117053255201763621225301443649843066697177
2.420230306679824995776794482525697852541982547592405497386083834777856 10.00766923319237521980147575223091207482871941352739936619051561043204 26.10310391198137736608505436117053255201763621225301443649843066697177
2.419073106979117832367691902728038146981430673580800920761647511243844 8.890506726074279014917081952721823226335358422205927975513383081128824 25.28095468788895431433948311975016176687438947352132369651701620824806
3.321458394952107364886152869626063922799363623418377244671747686083408 9.321458394952107364886152869626063922799363623418377244671747686083408 25.28095468788895431433948311975016176687438947352132369651701620824806
3.31950314807503960493446754696440120953875953935289916562907816917776 8.210049317599290361650699900814347790881716730793928080458857298691808 25.75600651929049921760426569356148435165224483407159415277260232140947
0.6689957799490149692763812986582197302380616062107932764909603382181165 9.036313152513572159101914685398506236411026030706536790736727017630936 26.10310391198137736608505436117053255201763621225301443649843066697177
0.6656409372929558621737190144855609973690148321537836734128686061751327 7.919902646257073661700671678044547896788294152550801770967272971410276 25.28095468788895431433948311975016176687438947352132369651701620824806
1.566324585491338943560313337558305203461461321859729696696971422463489 8.354457261149335351617351311163802313653654545267299791481590130797954 25.28095468788895431433948311975016176687438947352132369651701620824806
0.6675961841700236221254043371472237106296189162192617524555381230807803 6.802691394059907945726502271649353014982894942518599662573518579266892 25.75600651929049921760426569356148435165224483407159415277260232140947
1.56697107713469352860514244354237108596872368348685845418492118120546 7.239879510197972013858668880521853220784799008179531968916290557509316 25.75600651929049921760426569356148435165224483407159415277260232140947
2.467623767074506596721252697453445229138696710229275783110989523012052 7.674419188598206189993367300905226498874063813875638144901298461864285 25.75600651929049921760426569356148435165224483407159415277260232140947
1.512459843949283831729399879914467644310516256182426891027642641820841 6.099846529327604866294412755046418024052289657694105543642650845054002 25.94058086671165434692420886765264484446008061773703575329635803800532
2.413817425205250218166923803345422484720401838262237973877668591662249 6.538153231783989509543472673893204780807941330708937558908974520966309 25.75600651929049921760426569356148435165224483407159415277260232140947
3.3159933419058207 6.971637174318947 25.73978658198686
2.361128480414588379548420124685397441542566504502972729950326621893888 5.400640884993498716371378793579521683542961131690741356515211566648159 25.94058086671165434692420886765264484446008061773703575329635803800532
3.2743339740227992 5.835666634940404 25.78994753212752
2.5 3.5 6.605732909831215533183945093889003879446876074704868964824024572135464e-80
3.180543243662803259298683680312097109205188374202401341569396788938356 4.5 3.040527224961865703516604548586567550213757405633560347782974575343692e-71
1.5 2.5 -4.39591138553044723975307933287164855498613146001748430637568311306437e-81
3.5 3.487099332245063227059871884111624920168378455572160918084616292258541 6.476253186168226440854334849580747074841354599482951901586670262041005e-80
4.180543243662803259298683680312097109205188374202401341569396788938356 4.487099332245063227059871884111624920168378455572160918084616292258541 3.040525066964419669208749505287140664797574694322229485656360975122418e-71
2.5 1.5 2.82245347774778438918139646053629753580658029654367365098778527303393e-80
4.265425560731905450275480222490339868877380398176566172278920826193696 2.424976447655442378919615035943143033889577839070984618772687577864577 -28.26942647414042379991820442099163640480406532034595304441259355560729
4.731199390068259608577587872620212451769335203125743559597709385674986 3.30992507377547047868853830819761591684093463074421034169005445582307 -28.26942647414042379991820442099163640480406532034595304441259355560729
5.180543243662803259298683680312097109205188374202401341569396788938356 4.487099332245063227059871884111624920168378455572160918084616292258541 3.040712045938148404505616364407226390149154803939407312610365969636319e-71
4.5 0.5 -1.388375686020835767209407409585776073000890817319136984977743425253818e-80
4.954619700540503246291764646606876647188745521040857566801481629937309 1.592114290389582381506517886168804665705735278205054223705086697056947 -28.26942647414042379991820442099163640480406532034595304441259355560729
5.426958429713543839224186766609634727322186295718546848048307043020659 2.473532599559364535935689770232627157843619290969760254822963126626908 -28.26942647414042379991820442099163640480406532034595304441259355560729
5.903767803788313833881271552646512303348445235188217699504681871855861 3.361798467489305379584104856419334509408694485899580383414169058456914 -29.21092260724555622246482134800473410212332281897214785146553410554831
6.326995338067114305448126429887960687856393497094061698870858344106288 4.340647237840752180910429134535761341517173332680500560783154737090608 -21.09538499711870024181669771868084531993396092801699505140995004521225
5.665302191006423600172981129100970088941003732681283627042879940604342 0.6924622147468011559526385370629086032671488026222945435974646276885538 -25.19976533712393436630942566192992941464524571088943384922103612372697
6.10448726268342569296018931548800703573876036051679838443540962096417 1.617541405151392658186100576417880190240047082578184577619963725806501 -28.02445389944959085260438744265485615342177297679102839794463718718402
6.578322596401054823309088298483341414425593941943239182226569525542392 2.498166453475434113993014639507833145521280043634277801072171788902605 -28.02445389944959085260438744265485615342177297679102839794463718718402
7.056123231609836777438745190888386147517724326975389298339129783300834 3.3766809422441983489342570095473606287525357774424985219489886892781 -28.02445389944959085260438744265485615342177297679102839794463718718402
6.757703238617850934837679212184972481704666608263784059951380474202274 0.6653021910064236001729811291009700889410037326812836270428799406043423 -25.19976533712393436630942566192992941464524571088943384922103612372697
7.224823446731976705724496823015736455696225371841113631095235109699847 1.568411432599972786635978715876800972666968894083446301143219752228512 -27.15370890981029440565019313930501246195647990787057060950413889138802
7.702742675372646807955222463459022049659687731800244200132282526275376 2.447148733708304116274709403169660806246054772145230707935014774520852 -27.15370890981029440565019313930501246195647990787057060950413889138802
7.889467324956644022566614411161728185999562093026750789869006331989418 0.6730822885182720642764863740074533730229009675529826748468673797546866 -27.15370890981029440565019313930501246195647990787057060950413889138802
8.367386553597314124797340051605013779963024452985881358906053748564947 1.551819589626603393915217061300313206601986845614767081638662402047027 -27.15370890981029440565019313930501246195647990787057060950413889138802
8.857637853670459789956090689736877695924621967243761105633442796111348 2.424231656746578407057707582456558652320531073688630031148320269386987 -27.15370890981029440565019313930501246195647990787057060950413889138802
9.314017043726791162783385510104171547145477488019178243237748912503854 3.314017043726791162783385510104171547145477488019178243237748912503854 -27.15370890981029440565019313930501246195647990787057060950413889138802
9.061056880183690165989321605151665214390565407316039413353390734963094 0.6619509500846382975497226115562869314035227120640753005907373752029473 -24.41310905097539650411780982290662584601043166404558236347082986238263
9.552662407689950423141939564683826222452592033900042327041659636196133 1.537003303630653806676598785047545442600093595798237676290159051987972 -24.41310905097539650411780982290662584601043166404558236347082986238263
10.00956418166434408174763688216809137893530145216710187607601405829706 2.427807552872542632329737243639570438005083612595625407105246404129427 -24.41310905097539650411780982290662584601043166404558236347082986238263
7.473447432471425351597569179463824266507598619985722056172319899274221 4.487099332245063227059871884111624920168378455572160918084616292258541 -4.407963296052203434996360518560643971988981782928043487201179960264799e-71
8.192993975445792473113973101590885965621285246058123946859671573821778 3.319560800828279129417199924325906251964599000219093657444672641860812 -27.15370890981029440565019313930501246195647990787057060950413889138802
10.7168336582859536292640749642679422702157402753812609540227558310974 1.564074484956464373569719641307411301125341962912409439055995588797907 -27.47114527279566470378806613946330302541621877818335496326279424995387
10.26045301706674527095802673741327071239309630541354044645282772445759 0.6742725545399237014379178087536080977164715594296714304644367062061159 -27.47114527279566470378806613946330302541621877818335496326279424995387
